Baltimore Ravens,BAL
QB,Mallett,28,2011,84,63,85,97,79,20,0.8,2
QB,Flacco,31,2008,86,86,97,97,87,55,22.1,3
QB,Johnson,30,2008,73,65,92,87,73,63,0.6,1
RB,Taliaferro,24,2014,77,57,91,89,86,65,0.6,4
RB,West,25,2014,82,68,91,66,87,78,0.6,1
RB,Richardson,25,2012,66,74,95,80,87,62,0.7,1
RB,Forsett,30,2008,61,83,88,63,86,93,3,3
RB,Allen,24,2015,78,52,89,82,88,67,0.7,4
RB,Juszczyk,25,2013,76,73,93,82,81,57,0.6,4
WR,Clay,24,2015,73,57,81,73,91,87,0.5,1
WR,Smith,37,2001,74,96,88,90,83,87,3.5,3
WR,Campanaro,25,2014,72,65,87,81,90,82,0.6,4
WR,Waller,23,2015,73,47,91,76,90,53,0.6,4
WR,Perriman,22,2015,88,53,89,77,97,82,2.2,4
WR,Pitta,30,2010,78,81,68,88,80,54,6.4,5
WR,Williams,22,2015,88,51,87,83,80,68,1,4
WR,Watson,35,2004,77,82,85,72,79,60,3.5,2
WR,Aiken,27,2011,61,73,92,79,88,75,2.6,1
WR,Wallace,29,2009,77,84,92,88,92,86,5.8,2
OL,Jensen,25,2013,72,52,92,90,83,76,0.6,1
OL,Yanda,31,2007,75,90,93,94,99,90,8,4
OL,Ducasse,28,2010,83,73,89,92,81,68,0.5,1
OL,Stanley,22,2016,105,78,85,87,91,89,5.1,4
OL,Hurst,24,2014,62,71,87,78,77,69,0.5,3
OL,Zuttah,30,2008,76,83,93,86,92,73,4.1,3
OL,Urschel,24,2014,72,75,95,87,77,84,0.6,4
OL,Monroe,29,2009,97,87,90,89,75,90,7.5,5
K,Koch,33,2006,64,88,85,91,87,79,3.3,5
K,Tucker,26,2012,60,85,95,98,95,74,4.6,1
S,Brooks,25,2014,82,52,83,76,91,79,0.7,4
S,Lewis,30,2010,73,78,81,78,86,86,1.8,3
S,Elam,24,2013,86,63,89,65,89,90,1.7,4
S,Weddle,31,2007,80,92,95,91,93,77,6.5,4
CB,Powers,28,2009,77,82,90,86,90,50,1.8,1
CB,Davis,26,2013,81,66,85,75,90,46,0.7,4
CB,Webb,30,2009,77,83,88,80,91,60,5.4,3
CB,Smith,27,2011,84,79,88,90,90,70,10.3,4
CB,Arrington,29,2008,57,82,88,84,88,47,2.3,3
CB,Rolle,26,2013,62,63,91,75,91,45,0.6,1
CB,Wright,29,2011,79,74,85,70,88,62,4.3,3
CB,Levine,29,2010,60,70,88,79,89,67,1.1,2
CB,Price,25,2013,64,53,82,69,87,39,0.5,1
DL,Urban,25,2014,77,50,74,79,76,86,0.6,4
DL,Davis,24,2015,83,53,84,88,78,87,0.7,4
DL,Guy,26,2011,64,72,92,84,82,78,1.2,2
DL,Lewis-Moore,26,2013,71,55,74,89,82,88,0.6,4
DL,Jernigan,23,2014,87,70,90,84,83,86,1.1,4
DL,Mosley,24,2014,92,79,88,85,84,78,2.2,4
LB,Dumervil,32,2006,69,92,83,75,85,93,5.2,5
LB,Smith,23,2015,83,53,88,80,80,59,0.7,4
LB,Carter,27,2011,74,69,85,76,59,72,1,1
LB,Brown,26,2013,86,62,92,87,63,72,0.9,4
LB,Suggs,33,2003,81,94,88,92,97,87,5.2,4
LB,McClellan,30,2010,59,71,91,79,85,70,1.3,3
END_PLAYERS
Cincinnati Bengals,CIN
QB,Dalton,28,2011,84,81,96,86,79,20,16,6
QB,McCarron,25,2014,78,65,94,84,75,44,0.6,4
RB,Bernard,24,2013,86,77,84,56,87,87,5.2,3
RB,Hill,23,2014,87,78,94,95,88,79,0.9,4
RB,Burkhead,25,2013,71,68,87,59,80,76,0.6,4
RB,Peerman,29,2009,68,70,84,52,90,79,1.1,2
WR,Green,27,2011,112,87,95,104,87,84,15,4
WR,Tate,28,2009,77,78,79,72,88,86,1,1
WR,Wright,24,2014,67,64,92,77,90,76,0.6,4
WR,John Ross,22,2016,110,83,94,88,84,65,2.5,1
WR,Alford,25,2015,68,52,91,76,97,85,0.6,4
WR,Eifert,25,2013,100,62,90,85,82,54,2.1,4
OL,Ogbuehi,24,2015,93,65,74,82,81,85,2.3,4
OL,Boling,27,2011,79,83,97,82,90,80,5.2,5
OL,Whitworth,34,2006,79,96,90,94,89,98,9,1
OL,Winston,32,2006,80,84,89,82,74,72,1.1,1
OL,Hopkins,23,2014,63,54,91,87,82,74,0.5,2
OL,Bodine,23,2014,82,75,93,97,82,74,0.7,4
OL,Johnson,25,2013,67,65,92,86,76,75,0.6,1
OL,Fisher,23,2015,88,60,83,77,75,87,1.1,4
K,Hocker,24,2014,68,56,95,90,80,70,0.6,2
K,Nugent,34,2005,78,77,90,91,83,62,1.8,2
K,Huber,30,2009,72,83,95,88,90,70,2.8,5
S,Iloka,26,2012,75,78,95,93,88,84,6,5
S,Smith,24,2015,73,55,81,81,90,75,0.6,4
S,Williams,25,2013,81,52,94,72,92,85,5,4
CB,Jackson,23,2016,95,65,85,81,90,70,2.4,4
CB,Shaw,24,2015,83,42,78,79,92,50,0.7,4
CB,Kirkpatrick,26,2012,90,70,85,87,91,73,2.2,4
CB,Jones,32,2005,95,84,88,82,92,50,7.3,3
CB,Hall,31,2007,65,90,87,87,92,62,9.8,4
CB,Dennard,24,2014,92,61,87,75,90,65,2,4
CB,Brown,29,2011,75,72,83,76,90,45,0.8,1
CB,Lewis-Harris,27,2012,61,67,92,77,87,55,0.6,2
DL,Hardison,24,2015,78,42,87,82,66,67,0.7,4
DL,Bennett,24,2015,64,54,87,77,67,71,0.5,2
DL,Peko,31,2006,74,87,92,87,69,72,4.5,2
DL,Sims,30,2008,76,76,87,89,77,78,1.2,2
DL,Clarke,25,2014,82,54,87,76,78,76,0.7,4
DL,Dunlap,27,2010,83,81,86,79,67,72,7.9,5
DL,Johnson,29,2009,82,79,88,73,64,69,5,4
DL,Atkins,28,2010,78,87,85,99,93,82,10.7,5
DL,Thompson,26,2012,80,62,90,91,78,72,0.8,1
DL,Hunt,28,2013,87,60,85,88,80,74,0.9,4
LB,Maualuga,29,2009,82,88,89,87,75,84,5,3
LB,Burfict,25,2012,60,78,96,90,82,86,4.8,4
LB,Dimanche,25,2013,62,65,91,74,62,64,0.7,2
LB,Rey,28,2010,59,75,93,87,59,78,3.5,3
LB,Dansby,34,2004,77,94,89,93,72,97,2,1
LB,Flowers,24,2014,72,62,91,69,57,65,0.6,4
END_PLAYERS
Cleveland Browns,CLE
QB,Kizer,20,2016,110,88,85,70,70,70,0.5,7
QB,Kessler,21,2016,88,85,85,71,72,73,0.5,7
QB,Osweiler,25,2012,85,60,96,95,77,20,0.5,7
LB,Collins,26,2013,86,83,96,92,93,84,0.9,4
RB,Winston,27,2014,62,40,85,85,81,57,0.5,3
RB,Johnson,22,2015,88,60,76,53,90,87,0.8,4
RB,Crowell,23,2014,88,63,93,86,86,63,0.5,3
RB,Johnson,23,2015,73,46,91,70,83,60,0.6,4
WR,Hall,24,2015,64,52,85,70,87,77,0.5,2
WR,Coleman,21,2016,95,75,85,87,96,85,2.9,7
WR,Britt,27,2009,82,81,82,87,85,72,4.6,4
WR,Njoku,19,2016,110,90,80,80,80,80,0.5,7
OL,Zeitler,26,2012,95,83,79,91,92,85,1.9,7
WR,Moore,28,2010,58,71,92,76,86,71,1,3
OL,Tretter,25,2013,88,65,85,89,79,79,0.6,7
OL,Erving,23,2015,93,58,93,84,82,85,2.4,4
OL,Greco,31,2008,81,82,94,83,93,82,1.6,4
OL,Gerhart,27,2012,63,66,81,85,77,74,0.5,1
OL,Pasztor,25,2012,61,76,95,79,80,74,1.7,1
OL,Bowie,24,2013,66,67,89,82,85,72,0.6,4
OL,Thomas,31,2007,110,92,98,94,90,96,11.5,7
OL,Bitonio,24,2014,100,72,92,83,93,91,1.4,7
OL,Bailey,24,2013,61,70,92,90,87,78,2,3
K,Murray,24,2014,63,64,90,92,85,70,0.5,1
K,Lee,33,2004,100,82,85,94,93,63,3.4,6
S,Poyer,25,2013,71,50,92,76,92,50,0.6,4
CB,McCourty,28,2009,90,85,92,87,94,60,7.2,6
S,Baker,27,2012,63,56,93,68,86,73,0.5,1
S,Peppers,22,2016,110,82,95,89,89,81,1.9,7
S,Campbell,24,2015,83,50,82,62,89,79,0.7,4
S,Pryor,23,2014,93,73,93,87,89,95,2.1,4
CB,Calhoun,23,2016,82,89,93,85,91,44,7,3
CB,Gaines,23,2015,73,47,87,76,91,35,0.6,4
CB,Desir,25,2014,77,48,93,83,92,47,0.7,4
CB,Haden,27,2010,98,86,95,89,90,72,13.5,5
CB,Taylor,25,2013,86,50,85,77,94,74,0.9,4
DL,Bryant,30,2009,88,79,85,85,78,83,6.8,5
DL,Shelton,22,2015,93,65,90,93,80,88,2.9,4
DL,Cooper,24,2015,83,46,92,81,77,61,0.7,4
DL,Garrett,22,2016,120,99,91,85,85,85,3.2,7
DL,Ogbah,23,2016,95,87,94,85,82,87,8.1,7
DL,Nassib,22,2016,88,90,92,81,77,71,0.7,7
LB,Orchard,23,2015,88,65,92,64,67,70,1.1,4
LB,Bryant,26,2013,71,54,95,76,70,60,0.6,4
LB,Johnson,26,2012,67,55,76,78,84,51,0.6,2
LB,Tuggle,26,2013,61,72,92,81,68,75,0.7,1
LB,Kirksey,27,2012,95,90,84,83,74,76,5,7
LB,Jeffcoat,24,2014,62,44,80,68,84,66,0.5,3
CB,Burley,25,2013,61,67,93,85,94,55,0.6,1
END_PLAYERS
Pittsburgh Steelers,PIT
QB,Gradkowski,33,2006,64,74,87,78,75,35,1,1
QB,Roethlisberger,34,2004,100,95,90,104,100,77,21.9,4
QB,Jones,27,2013,81,53,95,92,77,20,0.6,4
RB,Johnson,28,2009,62,53,90,78,89,66,0.8,1
RB,Toussaint,26,2014,62,85,85,50,85,80,0.6,1
RB,Bell,24,2013,110,79,94,94,98,105,1,4
RB,Richardson,26,2012,67,66,85,47,88,82,0.6,1
RB,Williams,33,2006,79,87,88,44,85,81,2,2
WR,Wheaton,25,2013,81,75,93,79,89,83,0.7,4
WR,Green,26,2012,80,69,83,81,89,70,5,4
WR,Heyward-Bey,29,2009,97,74,86,71,92,74,1.3,3
WR,Coates,23,2015,83,48,88,76,91,65,0.7,4
WR,Bryant,24,2014,82,70,93,87,101,98,0.7,4
WR,Brown,27,2010,112,96,94,109,100,106,8.4,5
OL,Hubbard,25,2013,62,61,91,77,73,81,0.6,1
OL,Finney,24,2015,64,63,92,76,75,78,0.5,1
OL,Wallace,31,2008,78,72,94,85,74,81,1.2,3
OL,Harris,31,2007,81,84,63,84,78,85,2,2
OL,Villanueva,27,2014,63,50,88,77,71,76,0.5,2
OL,DeCastro,26,2012,90,78,92,94,83,88,2,4
OL,Foster,30,2009,57,82,87,88,78,86,3.2,3
OL,Gilbert,28,2011,84,79,94,91,84,85,6.2,5
OL,Pouncey,26,2010,88,80,92,91,91,89,8.8,5
K,Suisham,34,2005,53,77,88,87,96,67,3.2,3
K,Boswell,25,2014,63,50,94,92,73,71,0.5,2
S,Mitchell,29,2009,82,76,90,72,89,90,5,5
S,Thomas,25,2013,81,55,85,76,93,90,0.7,4
S,Golden,25,2012,60,59,92,71,88,66,1.7,3
S,Ventrone,29,2010,61,66,88,65,89,65,0.6,2
S,Allen,33,2004,65,78,88,72,83,50,1.1,1
CB,Grant,23,2015,83,55,92,83,93,64,0.5,2
CB,Golson,22,2015,88,61,88,85,92,42,1,4
CB,Burns,21,2016,90,65,85,85,90,70,2.4,4
CB,Gay,31,2007,70,93,93,87,89,69,2.5,3
CB,Cockrell,24,2014,82,62,93,81,93,66,0.6,1
DL,Heyward,27,2011,84,83,88,90,89,88,9.9,6
DL,Tuitt,23,2014,87,72,84,91,82,82,1.2,4
DL,Mihalik,23,2015,69,55,87,82,72,73,0.5,1
DL,Mathews,28,2010,63,73,88,83,82,72,0.8,1
DL,Geathers,28,2010,65,71,95,81,82,79,0.8,1
DL,McCullers,23,2014,72,59,88,88,75,86,0.6,4
LB,Dupree,23,2015,93,64,90,82,85,53,2.3,4
LB,Williams,26,2013,71,72,81,85,77,72,0.6,4
LB,Jones,26,2013,91,66,80,74,88,66,2.2,4
LB,Zumwalt,24,2014,72,50,85,77,72,71,0.6,4
LB,Shazier,24,2014,92,68,88,85,80,66,2.4,4
LB,Timmons,30,2007,85,90,92,93,89,88,9.6,5
LB,Johnson,28,2012,60,70,85,82,64,69,0.8,1
LB,TJ Watt,22,2016,110,93,90,82,91,88,1.4,7
LB,Chickillo,23,2015,73,55,92,79,73,80,0.5,1
LB,Moats,28,2010,68,78,88,80,89,78,2.5,3
END_PLAYERS
Buffalo Bills,BUF
QB,Taylor,26,2011,82,65,87,90,75,63,1.1,5
QB,Manuel,26,2013,91,65,87,93,75,66,2.2,4
RB,Williams,23,2015,78,55,80,84,90,64,0.6,4
RB,Gillislee,25,2013,77,52,88,64,86,76,0.6,1
RB,McCoy,27,2009,82,87,90,59,88,84,8,5
RB,Wilder,24,2014,64,47,85,87,76,53,0.5,2
RB,Felton,29,2008,71,82,94,71,78,50,2.3,4
RB,Herron,27,2012,72,75,81,77,85,73,0.5,1
WR,Watkins,23,2014,102,74,91,89,92,94,5,4
WR,Hankerson,27,2011,79,73,83,80,90,65,0.8,1
WR,Goodwin,25,2013,82,67,90,74,95,72,0.7,4
WR,Lewis,23,2015,69,45,87,87,90,72,0.5,3
WR,Clay,27,2011,74,80,97,88,80,65,7.6,5
WR,Woods,24,2013,86,75,94,85,90,77,1.2,4
WR,Powell,24,2014,73,50,88,80,90,86,0.6,3
WR,Salas,27,2011,80,68,79,82,85,67,0.8,1
WR,Easley,28,2010,80,65,73,74,89,58,1.8,4
OL,Miller,22,2015,83,63,85,86,84,75,0.7,4
OL,Richardson,25,2014,78,55,92,89,81,69,0.6,2
OL,Wood,30,2009,82,86,80,87,82,80,6.4,4
OL,Kouandjio,22,2014,88,49,78,84,83,72,1.2,4
OL,Mills,25,2013,76,72,93,83,83,69,1.7,1
OL,Glenn,26,2012,85,81,89,93,84,92,12,5
OL,Henderson,24,2014,67,71,82,83,78,82,0.6,4
OL,Incognito,32,2005,75,73,79,93,82,78,5.3,3
OL,Velasco,31,2008,59,79,88,83,76,79,1,1
OL,Groy,25,2014,62,58,96,86,74,79,0.6,2
K,Schmidt,25,2013,62,66,92,87,88,64,0.6,1
K,Carpenter,30,2008,56,80,83,96,93,58,2.5,4
K,Gay,26,2013,62,64,90,95,78,70,0.6,2
S,Meeks,26,2013,77,49,93,74,84,72,0.6,2
S,Anderson,30,2009,58,64,85,71,89,68,0.8,1
S,Blanton,26,2012,75,77,96,82,90,74,0.8,1
S,Williams,25,2013,81,61,94,80,89,83,0.7,4
S,Dowling,24,2014,68,55,88,76,90,77,0.6,2
S,Williams,26,2011,84,75,90,80,88,68,6.5,4
CB,Butler,27,2011,63,64,95,74,89,40,0.6,1
CB,Gilmore,25,2012,90,78,94,99,94,68,3,4
CB,Darby,22,2015,88,56,87,72,92,39,1.1,4
CB,Robey,24,2013,61,74,87,78,92,44,2.1,2
CB,White,26,2012,75,69,97,79,88,80,0.8,1
CB,Graham,30,2007,70,83,88,92,89,55,4.1,4
CB,Moore,26,2011,59,78,92,84,91,62,0.8,1
CB,Seamster,25,2014,63,42,92,74,90,44,0.5,3
DL,Valles,21,2015,74,48,92,65,79,42,0.5,3
DL,Bryant,28,2011,61,68,88,86,75,66,1.7,1
DL,Hughes,27,2010,83,80,91,66,71,68,9,5
DL,Edwards,26,2013,77,65,95,72,79,70,0.6,2
DL,Worthy,26,2012,87,65,92,82,76,75,0.6,3
DL,Williams,33,2006,69,95,82,90,92,91,7.4,3
DL,Lawson,31,2006,85,81,93,72,58,75,3,4
DL,Dareus,26,2011,99,82,94,104,92,94,16.1,6
DL,Lawson,22,2016,95,65,85,90,88,85,2.6,4
DL,Barnes,26,2013,62,67,86,91,76,79,0.6,2
LB,Brown,23,2014,87,75,97,85,66,77,0.8,4
LB,Reddick,26,2013,62,60,89,79,60,71,0.6,2
LB,Johnson,25,2014,72,66,85,76,82,55,0.6,4
LB,Alexander,33,2005,55,80,90,79,87,82,0.9,1
LB,Brown,26,2012,85,74,90,85,66,72,1.3,1
LB,Lattimore,27,2011,60,73,90,81,67,72,0.5,1
END_PLAYERS
Miami Dolphins,MIA
QB,Dysert,26,2013,69,55,90,85,73,30,0.5,1
QB,Thomas,23,2014,83,52,88,94,72,69,0.6,2
QB,Moore,31,2007,56,76,90,82,73,20,1.8,2
QB,Tannehill,27,2012,84,78,94,91,87,67,19.3,4
RB,Thomas,28,2011,85,55,85,60,85,80,0.8,1
RB,Pead,26,2012,87,65,84,46,91,75,0.7,1
RB,Williams,24,2014,62,52,89,67,90,83,0.5,3
RB,Ajayi,23,2015,78,52,74,69,87,81,0.6,4
WR,Sims,25,2013,81,62,79,74,79,46,0.7,4
WR,Stills,24,2013,76,77,92,87,92,85,0.6,4
WR,Landry,23,2014,87,76,90,91,86,66,0.9,4
WR,Cameron,27,2011,79,75,85,87,85,74,7.5,2
WR,Hazel,24,2014,73,55,91,77,88,72,0.5,1
WR,Whalen,26,2012,61,72,93,81,85,73,0.7,1
WR,Parker,23,2015,93,61,78,87,91,63,2.7,4
OL,Steen,26,2014,64,50,86,80,74,79,0.5,1
OL,Bushrod,31,2007,71,85,92,90,72,87,1.5,1
OL,Smith,29,2010,65,74,88,80,80,73,0.7,1
OL,McClendon,28,2010,74,71,75,86,81,74,0.8,1
OL,Pouncey,26,2011,89,81,95,88,87,81,9,5
OL,Turner,24,2014,88,64,95,85,78,84,0.8,4
OL,Thomas,26,2013,81,73,90,83,75,72,0.7,4
OL,James,24,2014,92,74,96,83,79,81,2.1,4
OL,Douglas,24,2015,83,53,93,85,71,81,0.7,4
OL,Painter,26,2013,78,56,83,85,76,77,0.5,1
OL,Young,28,2010,69,74,93,83,77,76,0.9,1
OL,Albert,31,2008,86,88,89,90,87,94,9.4,5
OL,Urbik,30,2009,77,85,95,93,70,85,1.3,2
OL,Tunsil,21,2016,95,71,85,88,90,92,3.1,4
K,Franks,23,2015,63,65,85,80,80,70,0.5,3
K,Darr,23,2015,63,65,85,80,80,70,0.5,3
S,Jones,28,2010,73,81,91,82,88,88,7,4
S,Aikens,25,2014,77,48,93,84,89,69,0.7,4
S,Thomas,27,2012,61,54,90,73,89,67,0.7,1
S,Abdul-Quddus,27,2011,60,63,88,76,90,74,4.3,3
S,Delmas,29,2009,65,79,77,85,91,82,2.3,1
CB,Patmon,25,2014,62,62,94,77,87,47,0.6,1
CB,Maxwell,28,2011,74,79,87,92,88,75,10.5,6
CB,Chekwa,27,2011,80,63,94,73,93,50,0.8,1
CB,McCain,22,2015,78,41,84,84,89,40,0.6,4
CB,Ekpre-Olomu,22,2015,69,55,67,76,87,49,0.6,4
DL,Mitchell,28,2010,78,81,90,80,84,68,4,4
DL,Branch,26,2012,85,70,89,68,83,67,2.8,1
DL,Jordan,26,2013,102,52,85,66,64,70,5.1,4
DL,Williams,31,2006,94,86,90,99,87,74,8.5,2
DL,Wake,34,2005,57,87,92,96,96,74,7.5,2
DL,Suh,29,2010,98,84,93,108,97,92,19.1,6
DL,Phillips,23,2015,88,45,75,88,76,85,1.1,4
DL,Fede,24,2014,67,57,94,76,68,73,0.6,4
DL,Tuaau,24,2015,64,46,90,84,75,83,0.5,1
DL,Jones,30,2008,81,75,92,85,85,75,0.5,1
DL,Coleman,25,2014,63,52,95,88,72,77,0.6,2
LB,Johnson,26,2012,80,72,90,83,55,76,0.8,1
LB,Alonso,25,2013,86,85,85,92,70,94,1.1,4
LB,Jenkins,24,2013,81,75,85,77,67,77,0.7,4
LB,Paysinger,27,2011,59,80,90,83,62,78,0.8,1
LB,Vigil,25,2015,63,54,91,76,54,56,0.5,3
LB,Misi,29,2010,83,84,90,90,86,88,4.3,4
LB,McCain,24,2014,62,67,93,66,67,68,0.5,3
END_PLAYERS
New England Patriots,NE
QB,Garoppolo,24,2014,87,57,95,90,80,47,0.9,4
QB,Brady,38,2000,58,99,90,104,107,20,20.5,2
RB,Lewis,25,2011,75,66,76,52,87,83,1.3,2
RB,Develin,27,2010,61,79,92,78,68,37,0.8,1
RB,Blount,29,2010,58,80,87,96,83,62,1,1
RB,Gaffney,25,2014,72,60,79,84,89,54,0.5,1
RB,Brown,23,2015,64,45,87,83,89,49,1.9,4
RB,Bolden,26,2012,60,70,86,83,87,55,1.2,2
RB,Iosefa,25,2015,69,40,78,81,79,48,0.5,1
RB,White,24,2014,77,54,88,64,86,75,0.7,4
WR,Hogan,27,2011,61,66,88,81,84,49,4,3
WR,Gronkowski,27,2010,83,86,73,104,82,50,9,6
WR,Edelman,30,2009,62,90,88,105,84,85,4.3,4
WR,Amendola,30,2008,57,89,78,88,82,87,4.1,2
WR,Slater,30,2008,71,81,90,74,86,70,2,2
WR,Dobson,24,2013,86,67,84,79,92,71,0.9,4
WR,Martin,26,2012,80,70,88,78,90,87,1.5,2
WR,Cooks,22,2014,92,75,92,87,95,92,2.1,4
WR,Bennett,29,2008,82,81,89,85,78,35,5.1,4
WR,Harbor,28,2010,73,71,89,75,83,71,1.5,2
WR,Harper,22,2015,64,49,95,74,86,67,0.5,2
OL,Vollmer,31,2009,82,88,78,92,84,93,4.2,4
OL,Fleming,23,2014,77,65,93,85,83,73,0.6,1
OL,Cooper,26,2013,102,64,79,88,78,81,3.6,4
OL,Solder,28,2011,89,85,87,87,88,81,10,2
OL,Stork,25,2014,82,78,78,81,86,81,0.7,4
OL,Mason,22,2015,78,42,91,86,87,66,0.7,4
OL,Waddle,24,2013,61,74,88,87,77,92,1.2,2
OL,Cannon,28,2011,74,74,87,91,79,82,4.5,2
OL,Kline,26,2013,61,65,90,83,82,75,1.7,2
K,Allen,26,2013,61,70,95,90,88,70,2,3
K,Gostkowski,32,2006,74,89,88,104,105,62,4.3,4
S,Ebner,26,2012,70,60,95,63,89,91,1.2,2
S,Vereen,23,2014,78,66,92,78,93,78,0.6,1
S,McCourty,28,2010,83,89,95,96,90,63,9.5,5
S,Harmon,25,2013,81,64,92,77,88,75,0.7,4
S,Richards,23,2015,88,44,93,66,90,76,0.9,4
S,Chung,28,2009,82,81,93,85,91,85,2.7,3
S,Thompson,23,2015,79,39,90,69,90,69,0.5,1
CB,Butler,26,2014,62,70,90,94,87,60,0.5,3
CB,Ryan,25,2013,81,74,94,88,90,66,0.7,4
CB,Biggers,29,2009,68,74,90,74,93,36,0.8,1
CB,Roberts,25,2015,68,42,79,69,95,62,0.6,4
DL,Kitchen,27,2012,65,68,83,91,76,80,0.7,2
DL,Knighton,29,2009,82,83,94,93,81,93,1.8,1
DL,Kuhn,30,2012,65,71,92,86,73,76,1.2,1
DL,Johnson,23,2014,63,58,92,78,76,76,0.6,2
DL,Kearse,27,2011,65,68,88,90,65,77,0.8,1
DL,Long,31,2008,97,83,86,89,84,78,2.4,1
DL,Ninkovich,32,2006,69,91,92,76,88,73,3.5,2
DL,Flowers,22,2015,83,55,94,87,83,84,0.7,4
DL,Sheard,27,2011,84,76,89,77,68,83,5.5,2
DL,Branch,31,2007,80,80,87,92,77,83,2.2,2
DL,Quarles,24,2014,63,53,91,84,78,73,0.5,2
LB,Freeny,27,2011,60,71,87,75,81,67,1.8,1
LB,Johnson,25,2013,73,58,86,76,83,55,0.5,1
LB,McClellin,26,2012,90,77,91,88,69,75,3,3
LB,Hightower,26,2012,85,84,90,95,88,87,1.9,4
LB,Mingo,25,2013,101,74,90,85,79,74,4.1,4
WR,Hawkins,30,2011,59,83,88,88,90,95,3.4,4
END_PLAYERS
New York Jets,NYJ
QB,Smith,25,2013,86,66,95,91,77,72,1.3,4
QB,Petty,25,2015,83,48,79,91,72,58,0.7,4
RB,Stacy,25,2013,77,75,92,84,86,57,0.6,4
RB,Jones,22,2015,65,60,88,54,92,84,0.5,3
RB,Robinson,26,2013,61,70,88,85,81,62,1.2,1
RB,Jones,22,2015,65,60,88,38,15,62,0.5,3
RB,Powell,27,2011,75,75,88,63,86,73,3.8,3
RB,Forte,30,2008,81,91,93,78,86,85,4,3
RB,Bohanon,25,2013,72,66,88,76,75,48,0.6,4
WR,Thompkins,27,2013,62,73,94,76,86,73,1.7,1
WR,Davis,23,2015,64,58,84,78,89,64,0.5,2
WR,Amaro,23,2014,88,62,87,83,85,65,1.1,4
WR,Davis,30,2008,72,73,90,69,81,35,1,1
WR,Ross,28,2011,61,74,87,75,88,89,0.8,1
WR,Smith,24,2015,88,59,92,80,92,72,1.5,4
WR,Decker,29,2010,79,89,92,91,84,73,7.3,5
WR,Sudfeld,27,2013,62,64,80,75,78,45,0.6,1
WR,Marshall,32,2006,75,92,92,100,82,66,8.7,3
WR,Enunwa,24,2014,74,48,93,76,90,62,0.5,3
OL,Colon,33,2006,65,83,78,86,68,87,1,1
OL,Carpenter,27,2011,85,79,86,90,79,82,4.8,4
OL,Winters,24,2013,87,72,89,84,76,69,0.7,4
OL,Clady,29,2008,86,90,83,89,78,88,6,1
OL,Harrison,24,2015,80,44,84,88,83,81,0.6,2
OL,Giacomini,30,2008,72,81,93,83,81,78,4.5,4
OL,Mangold,32,2006,79,97,92,91,93,90,7.7,7
OL,Johnson,25,2014,78,63,94,83,79,73,0.6,2
OL,Dozier,25,2014,78,55,90,83,82,75,0.6,4
K,Folk,31,2007,66,76,84,88,90,65,3,4
K,Bullock,26,2012,65,72,87,95,88,74,0.7,1
S,Gilchrist,27,2011,85,75,90,76,89,55,5.5,4
S,Bailey,24,2014,63,62,82,65,86,86,0.5,2
S,Jamal Adams,22,2016,110,59,92,71,89,86,0.5,3
LB,Davis,27,2012,80,78,91,92,67,78,4,2
S,Jarrett,26,2011,65,66,90,79,90,87,1.5,1
CB,Milliner,24,2013,102,67,87,82,93,77,3.2,4
CB,Revis,30,2007,86,98,88,104,92,66,14,5
CB,Morris,25,2013,61,59,92,80,94,46,0.8,1
CB,James,24,2014,74,43,90,78,92,39,0.5,2
CB,Skrine,27,2011,75,79,89,85,89,41,6.3,4
CB,Williams,25,2014,63,66,93,83,89,70,0.5,3
CB,McDougle,25,2014,82,51,75,75,89,73,0.7,4
DL,Jenkins,28,2011,84,74,80,91,75,83,3,2
DL,McLendon,30,2009,58,82,90,87,81,84,3.5,3
DL,Williams,22,2015,105,56,85,87,85,90,4.7,4
DL,Catapano,25,2013,72,51,93,82,69,73,0.6,2
DL,Harris,24,2014,69,45,90,84,77,76,0.5,1
DL,Wilkerson,26,2011,85,82,94,104,93,97,15.7,1
DL,Richardson,25,2013,92,81,89,98,90,88,2.5,4
DL,Simon,25,2015,75,48,73,93,71,85,0.6,2
LB,Lee,21,2016,95,65,85,80,75,89,2.5,4
LB,Harris,32,2007,81,90,96,85,70,88,7.2,3
LB,Reilly,28,2014,68,56,85,76,67,70,0.6,4
LB,Carter,28,2011,84,75,77,83,67,74,0.8,1
LB,Mauldin,23,2015,83,55,82,79,62,67,0.8,4
LB,Martin,24,2013,62,60,90,76,77,61,0.6,2
LB,Stanford,25,2012,62,68,87,81,56,60,0.7,1
QB,McCown,36,2002,72,75,75,83,71,27,4.7,3
LB,Pace,35,2003,65,85,92,81,80,84,2.4,2
END_PLAYERS
Houston Texans,HOU
QB,Desean Watson,22,2016,95,99,90,81,76,35,0.6,7
QB,Weeden,32,2012,90,70,89,91,69,20,2,2
QB,Savage,26,2014,83,54,90,94,80,45,0.6,4
RB,Blue,25,2014,72,70,79,84,84,60,0.6,4
RB,Miller,25,2012,81,77,87,67,92,85,6.5,4
RB,Hilliard,24,2015,70,46,76,87,82,54,0.5,2
RB,Grimes,26,2012,62,62,91,69,86,82,0.7,1
RB,Prosch,23,2014,72,56,95,75,80,47,0.6,4
WR,Shorts,28,2011,79,78,87,84,86,81,3,2
WR,Fuller,22,2016,95,75,85,85,96,97,2.5,4
WR,Mumphery,24,2015,75,49,92,74,88,77,0.6,4
WR,Strong,22,2015,88,45,87,86,91,59,0.8,4
WR,Hopkins,24,2013,86,83,94,103,85,65,1.9,4
WR,Lenz,25,2013,64,56,87,74,91,77,0.5,2
OL,Clark,30,2008,58,78,88,87,78,89,3,2
OL,McDonald,27,2012,63,65,96,81,75,79,0.6,2
OL,Allen,26,2012,85,72,85,83,83,74,7,4
OL,Bergstrom,29,2012,80,71,90,84,78,73,2.9,2
OL,Brown,30,2008,81,91,93,91,87,93,8.9,6
OL,Su'a-Filo,25,2014,87,57,94,85,78,79,1.4,4
OL,Newton,28,2011,70,77,85,86,96,79,5.3,5
OL,Freeman,26,2013,63,67,96,89,78,72,0.6,2
OL,Adams,26,2012,63,69,94,75,72,82,0.5,1
OL,Slade,24,2015,65,57,91,82,78,74,0.5,3
OL,Barton,24,2014,64,47,92,84,82,72,0.5,2
OL,Aboushi,25,2013,77,71,95,78,84,77,0.6,4
OL,Quessenberry,25,2013,72,63,95,80,84,75,0.6,4
K,Novak,34,2005,57,78,92,86,91,60,1,1
K,Lechler,39,2000,63,92,85,86,87,62,1.8,1
S,Pleasant,27,2012,61,67,94,74,87,80,1.1,2
S,Drummond,24,2015,65,41,92,78,89,60,0.5,3
S,Ballentine,23,2014,68,44,89,72,93,90,0.6,4
S,Allen,27,2012,65,73,83,81,87,71,0.8,1
CB,Nelson,26,2014,63,46,90,74,89,54,0.6,2
CB,Johnson,23,2015,95,64,89,87,89,64,2.5,4
CB,Mitchell,24,2014,68,55,94,81,92,46,0.6,3
CB,Bouye,24,2013,61,71,83,76,93,45,1.7,1
CB,Joseph,32,2006,84,92,86,87,88,40,6.8,2
CB,Jackson,28,2010,88,84,90,95,90,55,8.5,4
CB,Hal,24,2014,72,65,94,76,90,45,0.6,4
DL,Rivers,25,2013,63,52,88,71,65,64,0.6,2
DL,Pagan,23,2014,72,52,80,87,72,85,0.6,4
DL,Covington,22,2015,75,50,76,77,82,69,0.6,4
DL,Watt,27,2011,89,92,97,107,109,107,16.7,6
DL,Wilfork,34,2004,82,98,89,96,81,91,4.5,2
DL,Still,26,2012,86,64,84,82,82,82,0.7,1
DL,Dunn,23,2014,64,52,90,78,70,81,0.6,2
LB,Bullough,24,2014,64,55,92,76,70,75,0.6,3
LB,Mercilus,25,2012,85,77,95,87,85,74,6.5,4
LB,Cushing,29,2009,87,88,94,81,82,87,8.8,6
LB,Dent,28,2011,80,74,86,87,78,74,2.3,2
LB,Clowney,23,2014,102,65,76,87,90,65,5.6,4
LB,McKinney,23,2015,90,67,94,89,81,57,1.3,4
LB,Simon,25,2013,77,59,86,82,85,74,1.7,1
LB,Cliett,24,2015,75,40,86,78,64,50,0.6,4
END_PLAYERS
Indianapolis Colts,IND
QB,Tolzien,28,2011,59,62,95,83,76,44,1.8,2
QB,Morris,23,2014,64,42,85,90,73,70,0.5,3
QB,Luck,26,2012,100,85,98,105,99,87,5.5,4
RB,Williams,23,2015,63,46,81,37,90,84,0.5,2
RB,Varga,22,2015,63,55,90,78,83,42,0.5,3
RB,Todman,26,2011,71,70,85,61,90,81,0.8,1
RB,Gore,33,2005,78,93,86,83,81,69,4,3
RB,Turbin,26,2012,80,72,83,84,90,72,0.8,1
WR,Moncrief,22,2014,82,66,91,83,92,63,0.7,4
WR,Dorsett,23,2015,88,59,77,82,96,82,2,4
WR,Boyce,25,2013,83,51,90,72,92,65,0.5,1
WR,Tyms,27,2012,61,68,92,79,88,66,0.6,1
WR,Hilton,26,2012,80,87,85,103,92,95,13,5
WR,Allen,26,2012,85,75,87,82,75,45,7.4,4
OL,Vujnovich,25,2014,64,42,88,90,72,78,0.5,1
OL,Louis,31,2009,65,75,90,86,76,70,0.7,2
OL,Harrison,24,2014,62,72,94,87,82,72,0.5,3
OL,Reitz,29,2008,59,77,94,87,79,80,2.7,3
OL,Thornton,24,2013,81,73,85,91,76,77,0.7,4
OL,Kelly,23,2016,95,65,85,85,85,81,2.6,4
OL,Castonzo,27,2011,89,85,87,88,85,96,11,4
OL,Graf,25,2014,64,52,92,85,80,72,0.6,2
OL,Van,25,2014,69,54,92,75,83,69,0.5,1
OL,Mewhort,24,2014,87,73,93,89,87,78,0.9,4
K,Vinatieri,43,2096,44,93,90,88,91,60,3,2
K,McAfee,29,2009,67,88,95,97,92,68,2.9,5
S,Malik Hooker,22,2016,112,99,90,88,85,70,2.4,7
S,Geathers,24,2015,83,47,91,69,90,87,0.7,4
S,Guy,26,2012,71,65,88,72,88,83,0.7,2
S,Southward,24,2014,88,65,92,75,93,79,0.6,2
CB,Mitchel,23,2015,73,49,77,79,91,35,0.6,4
CB,Davis,28,2009,82,89,96,104,92,66,9,4
CB,Robinson,28,2010,83,79,90,77,91,49,4.5,3
CB,Butler,30,2009,82,79,95,77,93,65,2.5,2
CB,Smith,23,2015,88,49,90,83,91,42,0.8,4
CB,Brown,28,2011,79,56,90,75,93,63,0.8,2
DL,Parry,24,2015,78,55,78,91,71,81,0.6,4
DL,Kerr,25,2014,62,62,82,87,66,75,0.5,3
DL,Jones,30,2010,73,74,85,91,79,82,6.6,5
DL,Langford,30,2008,81,87,92,86,75,82,4.3,4
DL,Lumpkin,27,2011,64,70,84,88,74,78,0.6,2
DL,Vellano,27,2013,61,69,93,85,79,82,0.6,1
DL,Anderson,24,2015,83,64,82,81,79,85,0.7,4
DL,Winn,27,2012,65,72,87,78,56,80,0.5,4
LB,Irving,28,2011,84,75,82,89,78,79,2.4,3
LB,Mathis,35,2003,66,93,89,80,78,93,9,4
LB,Jackson,32,2006,79,92,84,87,77,91,5.5,4
LB,Walden,30,2008,71,76,92,80,88,80,4,4
LB,Herrera,24,2015,74,53,92,79,74,72,0.5,2
LB,Moore,26,2013,86,73,89,82,84,75,0.8,4
LB,Cole,33,2005,68,88,89,77,72,89,4.3,1
END_PLAYERS
Jacksonville Jaguars,JAX
QB,Bortles,24,2014,102,67,96,91,74,65,5.2,4
QB,Henne,30,2008,81,73,90,89,70,20,4,2
RB,Banyard,27,2012,61,53,92,66,88,76,0.6,2
RB,Yeldon,22,2015,88,60,84,79,88,74,1.5,4
RB,Leonard Fournette,24,2016,110,42,82,38,96,71,0.5,7
RB,Ivory,28,2010,58,78,83,96,86,64,6.4,5
RB,Gray,25,2012,62,62,91,92,84,55,0.6,2
RB,Robinson,25,2013,76,72,84,52,90,75,0.6,4
WR,Benn,27,2010,84,66,70,72,83,63,0.6,2
WR,Walters,28,2010,60,71,92,79,81,74,0.7,2
WR,Lewis,32,2006,80,87,93,74,73,42,4,3
WR,Blackmon,26,2012,103,45,94,86,88,70,4.6,4
WR,Sterling,24,2015,73,44,90,74,85,59,0.6,4
WR,Robinson,22,2014,87,70,89,84,85,66,0.9,4
WR,Thomas,28,2011,74,76,90,88,84,67,9.2,5
WR,Lee,24,2014,87,64,85,79,88,86,1.3,4
WR,Hurns,24,2014,62,67,92,90,87,70,10.2,4
WR,Greene,23,2015,78,58,88,79,88,85,0.6,4
OL,Linkenbach,29,2010,58,76,92,85,73,81,0.5,1
OL,Cann,24,2015,88,63,93,89,85,79,0.8,4
OL,Bernadeau,30,2008,61,78,93,96,84,72,1.5,2
OL,Bowanko,25,2014,72,75,92,86,86,74,0.6,4
OL,Edwards,25,2014,77,47,93,86,82,76,0.6,2
OL,Beachum,27,2012,65,82,95,84,83,97,9,5
OL,Wells,25,2014,62,61,90,83,86,76,0.5,3
OL,Omameh,26,2013,62,70,92,82,80,75,0.5,1
OL,Joeckel,24,2013,101,79,87,87,85,78,5.3,4
OL,Shatley,25,2014,63,54,92,95,77,73,0.5,3
OL,Linder,24,2014,82,76,93,88,85,93,0.7,4
OL,Parnell,29,2009,59,75,88,85,89,85,6.4,5
K,Nortman,26,2012,70,77,93,89,93,84,2.2,4
K,Myers,25,2015,63,65,85,80,80,70,0.5,3
S,Sample,23,2015,83,49,85,71,89,75,0.7,4
S,Evans,25,2013,76,71,89,71,86,87,0.6,4
S,Loston,26,2014,62,57,83,72,93,85,0.5,3
S,Wolff,26,2013,77,67,90,72,93,73,1.3,1
S,Gipson,25,2012,60,81,94,94,88,72,7.2,5
CB,Amukamara,27,2011,89,77,90,87,92,65,5.5,1
CB,House,26,2011,74,77,95,82,91,56,6.1,4
CB,Ramsey,21,2016,105,65,85,83,95,70,5.8,4
CB,McCray,25,2013,71,71,94,77,93,59,0.6,4
CB,Colvin,24,2014,82,64,76,84,87,55,0.7,4
CB,Gratz,26,2013,86,69,97,77,93,72,0.8,4
CB,Thompson,25,2012,63,55,90,70,89,34,0.6,2
DL,Miller,28,2009,77,76,96,87,76,79,4.1,4
DL,Marks,29,2009,82,84,86,82,93,75,4.5,4
DL,Jackson,26,2012,75,74,90,77,91,83,14.3,6
DL,Alualu,29,2010,88,81,95,87,78,77,3,2
DL,Fowler,21,2015,103,52,79,87,72,73,5.9,4
DL,Odrick,28,2010,84,83,77,83,87,77,8.5,5
DL,Davis,27,2012,61,69,90,74,76,64,2.6,1
DL,Smith,24,2014,77,56,93,85,82,65,0.6,4
DL,Jones,24,2013,61,64,87,86,75,69,2.6,1
LB,Pullard,24,2015,73,60,94,75,50,72,0.6,4
LB,Smith,25,2014,77,73,90,86,65,70,0.6,4
LB,Bartu,25,2013,61,75,90,82,62,74,0.6,2
LB,Posluszny,31,2007,80,92,87,88,65,94,5,3
LB,Tripp,25,2014,77,45,90,75,72,74,0.6,2
LB,Skuta,30,2009,57,80,92,87,83,82,4.1,5
LB,Werner,25,2013,91,73,92,76,82,74,0.5,1
LB,Porter,25,2013,81,60,78,77,66,69,0.6,2
END_PLAYERS
Tennessee Titans,TEN
QB,Cassel,34,2005,58,80,84,82,73,36,2,1
QB,Tanney,28,2012,63,49,88,86,76,49,0.5,2
QB,Mariota,22,2015,103,60,93,89,88,79,6.1,4
RB,Andrews,23,2014,62,49,92,88,78,45,0.6,1
RB,McCluster,27,2010,83,76,85,39,88,85,3,3
RB,Cobb,23,2015,78,60,90,86,84,62,0.6,4
RB,Fowler,25,2015,83,60,75,72,77,39,0.7,4
RB,Murray,28,2011,84,89,85,96,89,97,6.3,4
RB,Sankey,23,2014,87,69,86,56,89,80,1,4
WR,Douglas,30,2008,76,81,88,87,84,88,3.8,3
WR,Walker,31,2006,64,80,86,78,83,65,6.7,2
WR,McBride,23,2015,68,39,87,86,92,79,0.5,2
WR,Wright,26,2012,90,82,96,90,90,85,2.1,4
WR,Matthews,26,2012,65,70,89,77,83,57,5,3
WR,Hunter,25,2013,86,69,84,72,90,74,1.4,4
WR,Corey Davis,23,2016,110,49,87,85,89,69,1.4,7
WR,Fasano,32,2006,79,81,88,75,71,16,2.6,2
OL,Schwenke,25,2013,81,74,92,91,80,74,0.7,4
OL,Warmack,24,2013,91,78,98,92,93,77,3,4
OL,Matias,23,2015,64,55,90,78,73,81,0.5,2
OL,Meredith,30,2009,65,71,90,87,78,73,0.7,2
OL,Spain,24,2015,63,55,95,84,80,70,0.5,3
OL,Gallik,24,2015,73,60,92,86,73,79,0.6,4
OL,Poutasi,21,2015,88,56,92,86,82,73,0.8,4
OL,Conklin,21,2016,105,70,85,91,91,84,4,4
OL,Lewan,24,2014,92,72,89,90,91,84,2.9,4
OL,Jones,26,2012,80,77,92,87,82,76,4.4,4
K,Succop,29,2009,62,80,96,90,85,66,2.4,3
K,Kern,30,2008,56,84,78,90,94,72,3,5
S,Huff,24,2014,82,65,95,76,91,65,0.7,4
S,Searcy,27,2011,79,76,92,80,86,75,5.9,4
S,Stafford,25,2013,66,57,92,74,87,67,0.6,4
S,Johnson,30,2009,77,78,95,71,91,82,2,1
CB,Harris,26,2013,65,67,92,77,90,59,0.7,1
CB,McCain,29,2009,68,76,88,82,92,46,2.2,2
CB,Cox,29,2010,74,80,92,86,87,44,5,3
CB,Webb,26,2013,81,61,90,73,93,40,0.6,2
CB,Wreh-Wilson,26,2013,86,67,85,78,91,57,0.7,4
CB,Blake,25,2012,60,60,92,74,97,65,1.5,1
DL,Woods,29,2010,78,73,88,93,71,82,3.5,3
DL,Jones,24,2014,82,64,90,85,78,86,0.7,4
DL,Casey,26,2011,79,84,92,91,92,89,9,4
DL,Klug,28,2011,74,71,84,80,88,73,1.9,2
DL,Blackson,23,2015,83,53,90,76,74,81,0.7,4
DL,Pitoitua,31,2008,58,78,80,91,76,91,2.9,3
LB,Williamson,24,2014,77,75,92,89,70,74,0.6,4
LB,Mount,23,2015,73,46,88,79,75,42,0.6,4
LB,Grant,23,2015,64,56,76,77,62,51,0.5,1
LB,Morgan,27,2010,88,82,87,76,93,85,6.8,4
LB,Woodyard,29,2008,56,83,95,80,56,86,3.9,4
LB,Bass,25,2013,66,65,95,67,70,58,0.5,2
LB,Spence,27,2012,81,72,76,77,65,75,2.5,1
LB,Orakpo,29,2009,87,82,81,85,93,79,7.8,4
END_PLAYERS
Denver Broncos,DEN
QB,Lynch,22,2016,90,65,85,94,88,50,2.4,4
QB,Siemian,24,2015,68,52,78,79,74,59,0.6,4
QB,Sanchez,29,2009,97,74,84,86,79,47,4.5,2
RB,Bibbs,23,2014,63,50,92,84,83,62,0.5,1
RB,Thompson,24,2014,62,61,94,81,86,74,0.5,3
RB,Anderson,25,2013,61,73,94,92,84,87,4.5,4
RB,Hillman,24,2012,85,74,78,52,90,77,2,1
RB,Gray,26,2012,71,61,90,53,88,79,0.7,1
WR,Norwood,29,2009,58,69,87,75,82,87,0.9,1
WR,Thomas,28,2010,88,88,89,104,90,65,14,5
WR,Green,27,2011,69,75,88,74,85,79,2.8,3
WR,Sanders,29,2010,78,89,86,93,89,89,5,3
WR,Latimer,23,2014,87,49,82,86,90,55,0.9,4
WR,Fowler,25,2014,63,58,82,71,93,63,0.5,1
WR,Posey,26,2012,86,59,85,75,91,64,0.7,1
OL,Brenner,26,2013,61,61,89,87,81,73,0.6,1
OL,Okung,28,2010,98,87,82,88,84,89,10.6,5
OL,Sambrailo,24,2015,88,62,90,77,77,81,1,4
OL,Schofield,25,2014,82,66,94,78,75,79,0.7,4
OL,Paradis,26,2014,73,54,85,81,81,74,0.5,1
OL,Garcia,24,2015,78,64,88,89,73,77,0.7,4
OL,Stephenson,27,2012,85,70,84,85,83,74,4.7,3
OL,Ferentz,27,2014,63,62,90,79,73,81,0.5,2
OL,Myers,24,2015,73,46,86,87,76,71,0.5,2
OL,Weems,27,2012,62,65,87,87,77,79,0.6,1
K,McManus,24,2013,62,72,95,107,88,85,0.5,2
K,Colquitt,31,2009,57,78,92,87,89,66,3.9,3
S,Ross,26,2011,60,74,93,74,91,51,0.7,1
S,Stewart,27,2010,58,80,89,81,87,90,2.1,2
S,Keo,28,2011,75,67,90,74,88,89,0.8,1
S,Ward,29,2010,90,81,90,89,90,91,5.6,4
S,Bush,27,2012,65,64,88,78,90,61,0.6,2
CB,Doss,22,2015,78,50,92,78,92,29,0.6,4
CB,Webster,25,2013,81,62,91,74,93,70,0.7,4
CB,Nixon,25,2015,68,42,85,71,90,47,0.5,3
CB,Talib,30,2008,86,91,87,100,92,67,9.5,6
CB,Roby,24,2014,87,71,87,94,93,72,1.7,4
DL,Crick,26,2012,75,75,74,78,83,82,2,2
DL,Kilgo,24,2015,73,43,88,92,69,87,0.6,4
DL,Wolfe,26,2012,85,78,77,89,81,84,9.2,4
DL,Walker,29,2009,67,79,91,79,84,79,2,2
DL,Smith,34,2004,65,87,96,85,87,65,2,1
DL,Taylor,28,2011,90,74,84,92,82,86,0.8,1
DL,Williams,27,2013,86,72,93,84,76,78,1.9,4
LB,Nelson,24,2014,67,57,82,78,77,47,0.6,4
LB,Ray,23,2015,93,61,89,74,75,62,2.3,4
LB,Marshall,26,2012,75,83,89,89,74,84,8.7,3
LB,Ware,33,2005,83,87,90,73,90,85,10,3
LB,Watson,28,2010,68,69,84,76,64,67,0.8,1
LB,Davis,24,2014,62,53,94,83,62,67,0.5,2
LB,Miller,27,2011,99,86,93,104,99,97,14.1,1
END_PLAYERS
Kansas City Chiefs,KC
QB,Pat Mahommes,22,2016,110,99,79,85,82,41,0.6,7
QB,Bray,24,2013,61,52,87,93,69,20,1,2
QB,Smith,32,2005,93,87,88,84,82,40,17,4
RB,Sherman,27,2011,74,83,92,67,78,50,2.3,3
RB,Millard,24,2014,68,45,84,78,84,50,0.5,1
RB,Ware,24,2013,72,55,92,85,84,47,1.8,2
RB,Davis,24,2013,81,72,75,91,92,74,0.7,4
RB,West,25,2014,62,44,87,65,90,74,1.8,2
RB,Charles,29,2008,81,91,87,69,92,95,9.1,2
RB,Reaves,23,2014,63,50,92,46,87,75,0.5,1
WR,Hammond,26,2013,62,64,92,72,90,84,0.6,2
WR,Thomas,23,2014,82,68,73,81,92,92,0.7,4
WR,Kelce,26,2013,86,68,82,94,84,65,9.4,5
WR,Maclin,28,2009,87,87,83,93,87,91,11,5
WR,Streater,28,2012,62,77,90,85,88,74,0.8,1
WR,Wilson,23,2014,62,69,91,80,91,85,0.5,3
WR,Conley,23,2015,83,56,90,79,94,64,0.8,4
WR,Brown,24,2015,69,46,93,82,88,75,0.5,1
WR,Avant,33,2006,65,84,92,84,79,54,1,1
OL,Fisher,25,2013,101,75,91,85,85,80,5.5,4
OL,Morse,24,2015,88,62,87,92,72,78,1.2,4
OL,Duvernay-Tardif,25,2014,72,48,93,92,77,74,0.6,4
OL,Fragel,25,2013,69,59,90,90,80,70,0.6,1
OL,Schwartz,27,2012,85,78,84,85,72,89,6.6,5
OL,Fulton,24,2014,72,68,92,85,82,78,0.6,4
OL,Reid,27,2011,79,66,95,91,83,75,3.4,3
OL,Devey,28,2013,63,72,95,81,76,76,0.6,1
K,Colquitt,34,2005,73,82,95,89,94,65,3.8,5
K,Santos,24,2014,62,67,95,85,88,76,0.5,3
S,Sorensen,26,2014,62,45,93,65,89,66,0.5,2
S,Berry,27,2010,98,75,65,75,89,84,10.8,1
S,Brown,28,2010,65,74,92,72,91,77,0.8,1
S,Parker,28,2011,59,76,88,82,91,72,5,5
CB,Fleming,27,2012,80,60,81,85,88,64,0.8,1
CB,Carr,25,2013,63,53,91,73,90,68,0.5,1
CB,Nelson,23,2015,83,52,94,82,90,60,0.7,4
CB,Peters,23,2015,93,53,94,86,89,60,2.4,4
CB,Gaines,25,2014,82,66,88,87,94,40,0.7,4
CB,Cooper,26,2013,66,67,93,76,88,74,0.6,4
DL,Poe,25,2012,90,78,93,97,88,90,2.8,4
DL,Howard,27,2012,80,72,87,76,86,73,5,2
DL,Ta'amu,25,2012,82,67,86,92,73,85,0.7,1
DL,Staten,25,2014,79,50,89,86,71,84,0.5,1
DL,Williams,25,2013,62,68,93,83,80,72,0.5,2
DL,Bailey,27,2011,79,76,92,89,84,78,6.3,4
DL,King,26,2013,68,62,92,83,75,81,0.6,1
DL,Nunez-Roches,22,2015,73,55,78,80,74,76,0.6,4
LB,Moses,27,2012,62,63,91,71,83,62,0.7,1
LB,Wilson,23,2015,83,58,92,84,62,70,0.7,4
LB,Hali,32,2006,84,92,95,82,95,94,7,3
LB,Mauga,29,2009,58,76,75,82,72,79,2.8,3
LB,Johnson,33,2005,83,93,85,93,61,94,7,3
LB,Houston,27,2011,84,89,93,92,98,88,16.8,6
LB,Ford,25,2014,92,67,87,76,73,63,2,4
LB,Alexander,24,2015,78,46,76,77,52,53,0.6,4
LB,Mulumba,26,2013,62,62,88,72,68,63,0.6,1
LB,Zombo,29,2010,58,77,85,82,74,74,1.2,3
LB,Massaquoi,28,2012,76,72,91,73,83,66,0.7,1
END_PLAYERS
Oakland Raiders,OAK
QB,McGloin,26,2013,61,71,92,79,72,45,2.6,1
QB,Carr,25,2014,110,70,92,96,80,51,1.3,4
RB,Murray,25,2013,71,66,78,85,92,63,0.6,4
RB,Reece,30,2008,58,83,95,78,87,60,3.7,3
RB,Helu,27,2011,79,79,79,63,90,75,2.1,2
WR,Roberts,25,2014,63,61,90,72,90,72,0.5,1
WR,Cooper,22,2015,103,68,84,97,92,86,5.7,4
WR,Holmes,28,2011,60,71,82,80,86,74,2,1
WR,Crabtree,28,2009,87,82,85,87,84,72,8.5,4
WR,Palmer,27,2012,63,60,90,74,92,84,0.5,1
OL,Penn,33,2006,54,90,89,94,83,95,6,2
OL,Hudson,26,2011,84,85,92,82,90,89,8.9,5
OL,Osemele,26,2012,85,81,80,92,94,84,11.7,5
OL,Barnes,34,2005,65,83,85,90,72,77,1.5,1
OL,Howard,29,2010,58,81,90,89,84,71,6,5
OL,Jackson,24,2014,82,75,92,91,85,91,0.7,4
OL,Watson,27,2013,86,69,92,84,78,72,1.2,4
OL,Feliciano,24,2015,78,64,90,81,78,73,0.7,4
K,King,27,2012,60,75,90,94,90,82,3.3,5
K,Tavecchio,25,2012,64,55,90,90,85,72,0.5,2
K,Janikowski,38,2000,78,92,68,107,83,65,3.8,4
S,Nelson,32,2007,85,81,95,87,92,74,4.3,2
S,Joseph,22,2016,95,65,85,89,92,85,3,4
S,Allen,28,2010,83,79,81,81,89,67,3,1
S,Asante,28,2010,65,64,87,68,86,79,1.5,1
S,Hackett,22,2015,64,39,93,66,89,62,0.5,1
S,Trawick,26,2013,61,48,92,71,83,83,0.8,1
S,Woodson,39,1997,65,94,85,99,88,55,3.2,1
S,McDonald,26,2014,63,48,93,73,89,80,0.6,2
CB,Thorpe,26,2012,61,51,92,71,90,35,2.6,1
CB,McDonald,24,2015,68,46,90,73,91,61,0.6,4
CB,Amerson,24,2013,86,68,91,77,92,63,1,4
CB,Smith,28,2009,82,88,96,105,90,71,9.5,4
CB,McGill,27,2014,82,49,84,84,88,71,0.7,4
CB,Hayden,25,2013,91,72,76,83,89,77,2.6,4
DL,Ellis,25,2014,82,72,88,84,75,84,0.7,4
DL,Autry,25,2014,62,62,88,75,80,73,0.6,1
DL,McGee,26,2013,71,69,85,85,77,80,0.6,4
DL,Williams,29,2010,83,87,94,96,82,95,6.3,4
DL,Edwards,22,2015,88,48,83,88,79,87,1.5,4
DL,Moore,23,2013,82,65,90,65,89,64,0.7,1
LB,Underwood,24,2014,64,64,88,78,82,63,0.5,1
LB,Lotulelei,24,2013,61,62,87,83,65,64,0.6,2
LB,Ball,23,2015,78,46,67,79,71,48,0.6,4
LB,Mack,25,2014,103,78,96,105,101,89,4.7,4
LB,Heeney,23,2015,78,57,85,79,64,69,0.6,4
LB,Smith,26,2011,64,77,88,77,61,75,3.5,2
LB,Bates,25,2013,61,64,88,79,54,45,0.7,1
LB,Toomer,27,2012,77,57,75,73,57,41,0.6,1
LB,Irvin,26,2012,90,75,94,89,91,75,9.3,4
LB,Smith,26,2011,99,76,88,88,95,78,5.8,2
END_PLAYERS
San Diego Chargers,SD
QB,Rivers,34,2004,92,89,98,87,90,20,20.8,4
QB,Clemens,33,2006,80,70,85,83,73,20,1.1,1
QB,Mettenberger,24,2014,72,62,82,95,76,39,0.6,4
RB,Woodhead,31,2008,57,84,79,42,88,83,2.8,2
RB,Gordon,23,2015,93,63,92,69,91,89,2.7,4
RB,Brown,29,2009,83,78,80,81,86,52,1,1
RB,Smith,23,2015,64,44,84,78,90,64,0.5,3
RB,Oliver,25,2014,63,65,90,67,87,83,0.5,3
WR,Mike Williams,22,2016,110,90,93,75,86,83,0.5,7
WR,Johnson,29,2008,67,87,95,87,86,79,3.5,3
WR,Floyd,34,2004,65,88,88,88,82,40,3.9,3
WR,Herndon,24,2014,64,53,89,72,90,85,0.5,2
WR,Benjamin,26,2012,80,75,82,76,93,87,6,4
WR,Inman,27,2011,63,67,92,79,87,72,0.6,1
WR,Gates,36,2003,51,95,77,101,78,69,5.5,2
WR,Allen,24,2013,81,78,88,103,85,64,11.3,4
WR,Allen,25,2014,63,62,91,81,91,66,0.5,1
OL,Robinson,26,2012,61,73,90,89,81,73,0.9,2
OL,Watt,25,2014,82,68,87,90,86,75,0.7,4
OL,Fluker,25,2013,91,76,92,91,89,72,2.9,4
OL,Wiggins,27,2011,62,73,92,84,81,72,0.6,1
OL,Walton,29,2010,65,80,89,78,72,82,0.7,1
OL,Barksdale,28,2011,79,77,90,88,87,74,5.9,4
OL,Dunlap,30,2008,61,84,82,95,94,82,7,4
OL,Hairston,27,2011,81,74,92,87,85,81,1.5,2
OL,Franklin,28,2011,84,82,88,93,87,90,7.3,5
OL,Troutman,28,2012,65,75,82,92,73,72,0.6,4
OL,Slauson,30,2009,67,84,85,91,89,78,0.5,2
K,Redfern,24,2014,64,65,85,80,80,70,0.5,1
K,Lambo,25,2015,63,44,92,88,86,74,0.5,3
S,Stuckey,26,2010,79,65,75,81,87,64,1.9,4
S,Addae,26,2013,61,72,92,75,86,81,2.6,1
S,Lowery,30,2008,76,80,90,78,89,54,2.4,3
S,Phillips,24,2014,64,52,92,74,89,64,0.6,2
CB,Ducre,24,2014,63,54,88,70,90,47,0.5,3
CB,Flowers,30,2008,81,92,90,92,92,76,9.1,4
CB,Hayward,26,2012,85,80,87,95,88,45,5.1,3
CB,Crawford,25,2012,72,57,90,80,89,42,0.6,1
CB,Verrett,25,2014,87,72,86,85,93,65,2,4
CB,Williams,25,2013,76,67,86,73,92,42,0.6,4
CB,Mager,24,2015,83,45,92,79,92,62,0.7,4
CB,Vaughn,28,2010,65,73,88,76,89,35,0.7,1
DL,Carrethers,25,2014,77,59,94,94,72,89,0.6,4
DL,Philon,22,2015,73,40,89,79,63,64,0.6,4
DL,Palepoi,25,2014,63,65,88,89,77,77,0.5,3
DL,Liuget,26,2011,89,83,95,91,84,88,10.3,5
DL,Mebane,31,2007,75,89,88,92,81,85,4.5,3
DL,Square,27,2013,62,69,87,80,81,68,0.7,1
DL,Lissemore,28,2010,64,78,90,84,79,76,2,3
DL,Gardner,25,2014,68,52,83,74,79,76,0.5,1
LB,Williams,25,2013,71,66,84,79,84,57,0.6,4
LB,Mays,30,2008,65,81,95,87,76,77,0.9,1
LB,Perryman,22,2015,88,66,93,84,68,71,1.2,4
LB,Attaochu,23,2014,87,67,90,72,89,65,1.1,4
LB,Law,27,2012,65,62,90,71,69,55,0.5,2
LB,Te'o,25,2013,86,77,91,85,71,84,1.3,4
LB,Ingram,27,2012,91,73,88,78,78,68,2.1,4
LB,Bosa,20,2016,105,65,85,81,92,76,6.5,4
LB,Emanuel,24,2015,78,47,92,70,84,62,0.6,4
END_PLAYERS
Chicago Bears,CHI
QB,Mitch Trubisky,25,2016,89,54,94,83,81,42,0.6,7
RB,Carey,23,2014,82,65,90,84,82,72,0.7,4
RB,Langford,24,2015,83,49,88,81,92,57,0.7,4
QB,Glennon,26,2013,86,69,96,93,73,20,0.8,4
RB,Rodgers,26,2011,74,75,87,78,86,73,0.8,1
WR,Royal,30,2008,81,87,90,86,88,88,5,3
WR,Wilson,23,2013,66,67,92,81,87,74,0.6,4
WR,Mariani,29,2010,68,78,87,72,86,85,0.8,1
WR,Thompson,27,2012,61,60,86,69,93,74,0.8,1
WR,White,22,2015,103,53,92,88,94,67,4.1,4
WR,Miller,31,2009,68,66,82,72,84,70,2.8,2
WR,Jeffery,26,2012,85,82,91,93,88,66,14.6,1
OL,Wallace,26,2013,63,60,90,83,80,72,0.5,1
OL,Long,27,2013,91,76,89,84,83,92,2.1,4
OL,Grasu,24,2015,88,62,87,76,74,83,0.8,4
OL,Leno,24,2014,67,66,90,79,75,78,0.6,4
OL,Larsen,29,2010,68,80,92,79,83,78,1.7,1
OL,Montgomery,33,2006,65,88,92,92,79,87,1,1
OL,Weaver,27,2013,63,61,88,88,77,74,0.5,2
OL,Massie,26,2012,80,75,90,83,83,80,6,3
OL,Chandler,27,2012,61,71,88,83,83,72,0.5,1
OL,Becton,26,2013,62,57,90,76,73,76,0.7,1
K,O'Donnell,25,2014,72,72,85,91,87,87,0.6,4
K,Gould,34,2005,53,91,90,104,96,54,3.8,4
S,Mundy,31,2008,65,80,91,74,86,85,1.5,2
S,Rolle,33,2005,65,87,89,81,88,60,3.8,3
S,Bolden,27,2012,80,61,74,74,87,51,0.8,1
S,Amos,23,2015,78,42,92,81,92,55,0.6,4
S,Prosinski,29,2011,79,70,93,70,90,67,0.8,1
CB,Ball,31,2007,65,82,87,87,86,58,3,1
CB,Callahan,24,2015,63,41,88,70,94,41,0.5,2
CB,Hurst,25,2013,62,64,92,79,91,35,0.6,2
CB,Porter,29,2008,81,79,76,71,92,40,4,3
CB,Fuller,24,2014,92,75,88,86,92,73,2.4,4
CB,McManis,28,2010,73,65,76,79,89,67,1.4,2
DL,Scruggs,25,2012,66,55,90,81,81,66,0.7,2
DL,Goldman,22,2015,88,60,85,81,77,85,1.4,4
DL,Unrein,29,2010,59,73,88,84,79,75,1.1,2
DL,Ferguson,24,2014,87,67,89,83,76,84,1,4
DL,Sutton,24,2014,82,65,87,82,81,80,0.7,4
DL,Hicks,26,2012,80,76,93,82,86,83,5,2
LB,Freeman,30,2008,60,77,92,83,79,80,4,3
LB,Barrow,25,2014,77,55,93,78,59,64,0.6,2
LB,Houston,28,2010,83,82,87,82,83,83,7,5
LB,Acho,27,2011,79,71,95,82,82,76,0.8,1
LB,Young,30,2010,68,76,90,73,72,74,3,3
LB,Trevathan,26,2012,70,78,94,92,75,83,6.1,4
LB,McPhee,27,2011,74,85,87,82,96,85,7.8,5
LB,Floyd,23,2016,105,65,85,80,85,80,3.9,4
LB,Washington,26,2013,71,60,87,91,86,77,0.6,4
LB,Jones,25,2014,62,69,94,76,57,60,0.5,3
END_PLAYERS
Detroit Lions,DET
QB,Stafford,28,2009,100,76,84,99,85,39,17.7,3
QB,Orlovsky,32,2005,69,70,91,79,72,20,1.1,1
RB,Winn,25,2013,62,54,90,86,87,66,0.6,1
RB,Zenner,24,2015,63,51,88,82,86,48,0.5,3
RB,Ridley,27,2011,84,74,82,90,81,69,0.8,1
RB,Abdullah,23,2015,88,61,84,61,87,87,1,4
RB,Riddick,25,2013,71,68,92,64,82,87,0.6,4
WR,Ebron,23,2014,92,62,90,78,86,75,3.1,4
WR,Spadola,25,2013,63,52,92,76,88,72,0.6,2
WR,Pettigrew,31,2009,87,81,89,75,75,40,4,4
WR,Moore,32,2005,65,84,86,81,82,77,1.1,1
WR,Fuller,25,2013,77,65,90,78,90,79,0.6,1
WR,Caldwell,31,2008,76,79,75,76,89,85,0.9,1
WR,Kerley,27,2011,74,81,90,86,84,90,0.9,1
WR,Jones,23,2014,73,51,94,80,89,81,0.6,4
WR,Tate,27,2010,83,85,89,92,88,98,6.2,5
WR,Jones,26,2012,75,74,75,84,88,75,8,5
WR,Roberts,28,2010,79,77,93,78,89,85,0.5,1
OL,Warford,25,2013,86,79,97,89,82,94,0.8,4
OL,Ola,28,2014,62,70,92,84,76,79,0.6,2
OL,Lucas,24,2014,62,69,92,75,75,79,0.5,3
OL,Robinson,24,2015,68,46,91,89,79,79,0.6,4
OL,Ikard,25,2014,62,71,92,73,73,76,0.6,2
OL,Reiff,27,2012,90,77,93,87,89,87,2,4
OL,Decker,21,2016,95,65,85,85,94,81,2.7,4
OL,Tomlinson,24,2015,88,64,92,87,85,78,2.1,4
OL,Swanson,25,2014,82,73,94,82,85,73,0.7,4
OL,Schwartz,29,2008,62,76,79,91,86,75,0.8,1
K,Martin,26,2013,76,80,92,96,95,72,0.6,4
K,Prater,31,2006,55,79,85,96,89,71,3,3
S,Wilson,26,2012,85,68,95,78,87,69,1.1,2
S,Ihedigbo,32,2007,65,80,91,77,83,85,1.6,2
S,Bush,29,2010,59,74,87,80,85,90,1.5,1
S,Bademosi,25,2012,60,69,93,77,88,65,2.3,2
S,Quin,30,2009,77,84,88,91,91,73,4.7,5
S,Carey,29,2009,67,68,87,73,92,74,1,3
CB,Lawson,25,2014,77,61,89,76,89,56,0.6,4
CB,Slay,25,2013,86,77,92,87,93,74,1.3,4
CB,Butler,29,2010,73,63,95,76,89,42,0.8,1
CB,Wilson,31,2007,65,82,91,74,92,70,1,1
CB,Carter,21,2015,84,50,84,83,89,55,0.8,4
CB,Walls,28,2011,59,71,92,81,89,65,0.8,1
CB,Diggs,23,2015,73,49,92,78,86,68,0.6,4
DL,Ngata,32,2006,84,95,92,96,85,92,6,2
DL,Cudjo,29,2010,65,67,92,81,79,73,0.7,1
DL,Thornton,26,2014,83,55,90,87,65,67,0.7,4
DL,Gilberry,31,2008,56,78,90,74,84,67,1.3,1
DL,Reid,24,2014,77,60,86,75,83,72,0.6,4
DL,Thornton,26,2014,83,55,90,87,65,67,0.7,4
DL,Taylor,26,2013,76,66,91,66,82,68,0.6,4
DL,Wright,24,2015,83,46,90,89,72,64,0.7,4
DL,Ansah,27,2013,65,74,94,94,93,76,4.6,4
DL,Charles,28,2013,61,69,90,78,80,75,1.8,1
DL,Walker,26,2012,60,75,85,82,77,71,1.6,1
DL,Tapp,31,2006,65,73,89,71,64,65,1,1
LB,Bostic,25,2013,86,74,95,85,63,73,1,4
LB,Bynes,26,2011,60,72,84,83,71,73,0.9,2
LB,Gooden,26,2013,82,68,84,75,61,66,0.6,1
LB,Whitehead,26,2012,75,79,96,91,77,81,4,2
LB,Greene,27,2013,82,70,85,76,58,69,0.6,2
LB,Levy,29,2009,77,97,95,96,80,95,8.4,4
LB,Franklin,28,2012,61,65,95,82,55,68,0.7,1
LB,Van,26,2014,87,62,87,82,81,72,1.3,4
LB,Tulloch,31,2006,74,91,91,90,74,94,5.1,5
END_PLAYERS
Green Bay Packers,GB
QB,Rodgers,32,2005,110,95,88,105,102,90,22,5
QB,Hundley,23,2015,78,47,90,91,68,70,0.6,4
RB,Crockett,24,2015,64,38,90,71,85,78,0.5,2
RB,Starks,30,2010,68,75,78,80,86,71,3,2
RB,Ripkowski,23,2015,73,52,88,60,82,37,0.6,4
RB,Lacy,25,2013,86,85,89,97,85,82,0.8,4
WR,Nelson,31,2008,81,96,87,106,97,79,9.8,4
WR,Janis,25,2014,67,64,95,79,93,55,0.6,4
WR,Adams,23,2014,87,70,92,85,86,74,1,4
WR,Cobb,25,2011,84,87,87,94,88,94,10,4
WR,Abbrederis,25,2014,72,62,89,81,88,69,0.5,3
WR,Rodgers,24,2014,82,68,88,79,78,62,0.7,4
WR,Montgomery,23,2015,83,55,84,75,89,77,0.7,4
OL,Bakhtiari,24,2013,81,82,89,84,73,92,0.7,4
OL,Taylor,26,2013,61,61,90,89,75,73,2.1,2
OL,Sitton,30,2008,71,92,84,92,88,96,6.8,5
OL,Bulaga,27,2010,88,80,77,87,83,94,6.8,5
OL,Lang,28,2009,77,89,92,86,91,90,5.2,4
OL,Linsley,25,2014,77,75,91,95,89,87,0.6,4
OL,Barclay,27,2012,60,75,89,82,77,79,0.7,1
K,Crosby,31,2007,65,76,90,93,91,72,4,4
K,Masthay,29,2009,58,75,92,86,79,77,1.4,4
S,Hyde,25,2013,76,73,93,82,88,45,0.6,4
S,Banjo,26,2013,62,52,94,75,89,74,0.7,1
S,Burnett,27,2010,83,80,85,67,88,85,6.2,4
S,Clinton-Dix,23,2014,92,71,95,84,88,83,2.1,4
CB,Shields,28,2010,58,82,90,88,88,50,9.8,4
CB,Randall,23,2015,88,53,90,83,91,61,2,4
CB,Gunter,24,2015,63,42,91,75,90,70,0.5,3
CB,Rollins,23,2015,88,49,92,83,88,74,0.9,4
CB,Goodson,27,2014,72,62,75,78,89,56,0.6,4
DL,Ringo,24,2015,74,48,85,80,82,67,0.5,1
DL,Guion,29,2008,71,77,88,84,82,70,3.7,3
DL,Jones,25,2013,86,66,87,76,67,70,1.9,4
DL,Pennel,25,2014,62,64,92,87,76,78,0.5,3
DL,Clark,20,2016,90,65,85,90,89,86,2.3,4
DL,Daniels,27,2012,75,82,84,78,75,82,10.3,4
LB,McCray,25,2013,61,66,74,73,79,58,0.8,1
LB,Ryan,24,2015,78,58,78,83,75,71,0.7,4
LB,Bradford,23,2014,83,69,95,79,65,72,0.5,1
LB,Barrington,25,2013,66,70,94,87,79,69,0.6,4
LB,Peppers,36,2002,90,94,90,80,78,85,8.7,3
LB,Matthews,30,2009,82,90,88,100,95,98,13.2,5
LB,Perry,26,2012,85,76,97,81,83,73,5.1,1
END_PLAYERS
Minnesota Vikings,MIN
QB,Bridgewater,23,2014,87,77,89,87,83,70,1.7,4
QB,Bradford,28,2010,98,76,71,87,75,29,17.5,2
QB,Heinicke,23,2015,63,48,89,79,77,65,0.5,3
RB,Peterson,31,2007,95,91,87,104,100,102,14,3
RB,Asiata,28,2011,60,80,95,90,77,40,0.8,1
RB,Line,26,2013,61,51,92,83,83,54,1.7,1
RB,McKinnon,24,2014,82,64,85,51,93,87,0.7,4
WR,Johnson,27,2013,71,71,90,83,91,69,0.5,3
WR,Wright,26,2012,80,76,94,83,91,86,3.7,4
WR,Thielen,25,2013,62,71,90,80,88,64,0.6,1
WR,Diggs,22,2015,78,59,76,84,90,88,0.6,4
WR,Patterson,25,2013,86,69,94,72,90,95,1.8,4
WR,Treadwell,21,2016,95,75,85,91,85,85,2.5,4
WR,Rudolph,26,2011,84,74,78,81,75,49,7.3,5
OL,Clemmings,24,2015,83,45,92,84,85,78,0.7,4
OL,Smith,29,2009,97,77,88,95,85,88,3.5,1
OL,Fusco,27,2011,74,75,84,89,80,85,4.9,5
OL,Boone,29,2009,58,86,90,90,87,84,6.7,4
OL,Kalil,26,2012,100,84,92,89,82,73,4.9,4
OL,Sullivan,30,2008,66,93,94,87,90,78,5.6,3
OL,Shepherd,24,2015,68,60,92,73,77,71,0.6,4
OL,Berger,34,2005,63,77,90,85,84,79,1.1,2
K,Locke,26,2013,76,68,97,87,86,72,0.6,4
K,Walsh,26,2012,70,78,95,104,94,70,3.3,4
S,Griffin,31,2007,85,81,94,74,90,74,2.5,1
S,Sendejo,28,2010,59,72,90,78,88,81,4,4
S,Smith,27,2012,85,82,95,92,90,92,10.3,5
CB,Munnerlyn,28,2009,67,84,91,90,92,65,3.8,3
CB,Price,23,2014,67,48,87,79,90,48,0.6,4
CB,Rhodes,26,2013,86,78,88,93,90,70,2,4
CB,Newman,37,2003,91,91,88,83,85,65,2.5,1
CB,White,25,2013,62,69,92,80,83,58,0.6,1
CB,Sherels,28,2010,59,70,88,70,96,39,2,2
CB,Waynes,23,2015,93,58,88,97,92,40,3.2,4
DL,Trattou,27,2011,60,59,87,75,76,70,0.8,1
DL,Robison,33,2007,75,87,94,82,60,65,5.6,4
DL,Moore,25,2014,72,49,92,78,71,79,0.6,3
DL,Hunter,21,2015,83,47,90,77,58,65,0.7,4
DL,Gaston,24,2014,64,58,94,92,78,81,0.6,1
DL,Ellis,28,2011,79,69,88,92,81,85,0.8,1
DL,Joseph,27,2010,83,77,87,95,82,88,6.3,5
DL,Crichton,24,2014,87,57,94,83,81,75,0.8,4
DL,Griffen,28,2010,78,82,88,76,94,71,8.5,5
DL,Floyd,24,2013,91,76,93,84,88,91,2,4
DL,Johnson,31,2006,59,78,87,81,88,74,2.3,3
DL,Stephen,25,2014,72,62,90,85,76,85,0.6,4
LB,Kendricks,24,2015,88,63,83,87,57,75,1.3,4
LB,Greenway,33,2006,84,90,89,79,76,87,2.8,1
LB,Matthews,27,2011,65,72,90,82,63,66,0.8,1
LB,Lamur,27,2012,60,72,88,74,63,73,2.8,2
LB,Cole,27,2012,70,73,95,85,73,73,0.8,1
LB,Watts,25,2014,72,49,87,74,64,49,0.6,2
LB,Barr,24,2014,102,75,85,85,93,76,3.2,4
LB,Trusnik,32,2007,65,74,88,77,71,76,0.9,1
LB,Lewis,28,2012,70,70,87,80,60,68,0.8,1
LB,Robinson,24,2015,68,45,88,76,51,45,0.6,4
END_PLAYERS
Dallas Cowboys,DAL
QB,Prescott,22,2016,110,92,85,89,92,74,0.5,7
QB,Showers,24,2015,64,37,87,91,63,70,0.5,3
QB,Moore,26,2012,61,69,96,75,82,20,0.7,2
RB,McFadden,28,2008,97,82,72,80,90,57,1.5,2
RB,Morris,27,2012,75,83,94,94,83,67,1.8,2
RB,Elliott,20,2016,105,85,90,87,93,85,6.2,4
RB,Dunbar,26,2012,60,69,93,54,91,86,1.3,1
WR,Escobar,25,2013,86,64,95,83,76,76,1.1,4
WR,Williams,26,2013,86,78,92,88,87,71,0.7,4
WR,Beasley,27,2012,60,77,91,86,87,82,3.4,4
WR,Hanna,26,2012,70,70,90,71,89,73,2.8,3
WR,Witten,34,2003,76,97,95,95,76,35,7.4,5
WR,Mayle,25,2015,84,52,91,79,83,62,0.5,3
WR,Smith,26,2013,62,50,89,72,87,65,0.7,3
WR,Butler,26,2013,71,70,88,77,92,63,0.6,4
WR,Street,25,2014,77,65,90,82,87,59,0.6,4
WR,Bryant,27,2010,88,90,88,108,94,92,14,5
OL,Smith,25,2011,99,84,87,88,96,94,12.2,8
OL,Smith,26,2013,69,64,74,84,80,72,0.5,2
OL,Free,32,2007,75,86,93,82,92,81,5,3
OL,Martin,25,2014,92,75,97,89,89,96,2.2,4
OL,Witzmann,26,2014,63,62,94,80,81,71,0.5,1
OL,Collins,22,2015,63,50,92,83,88,76,0.5,3
OL,Looney,25,2012,81,68,85,82,79,68,0.8,2
OL,Frederick,25,2013,86,84,91,90,99,84,1.7,4
K,Bailey,28,2011,59,84,88,103,106,69,3.2,7
K,Jones,25,2013,72,75,92,92,89,82,0.6,4
S,Church,28,2010,58,81,97,71,87,92,2.2,4
S,McCray,28,2010,65,69,89,74,85,73,0.8,1
S,Heath,25,2013,61,58,91,75,88,65,1.9,4
S,Wilcox,27,2013,81,67,90,76,91,87,0.7,4
CB,Jones,23,2015,88,56,86,85,94,60,2.2,4
CB,Carr,30,2008,71,83,97,79,92,50,10,5
CB,Claiborne,26,2012,100,69,88,75,89,44,3,1
CB,Frey,26,2012,72,67,92,81,89,73,0.6,1
CB,Scandrick,29,2008,71,84,94,97,92,62,3.8,5
DL,Crawford,26,2012,81,73,87,81,89,82,9,5
DL,Crawford,27,2012,75,67,84,69,82,76,1.1,1
DL,Russell,24,2015,78,49,83,77,80,64,0.6,4
DL,McClain,27,2011,84,74,87,92,81,82,1,3
DL,Lawrence,24,2014,88,61,92,76,88,68,1.4,4
DL,Gregory,23,2015,88,45,82,73,71,66,1,4
DL,Hardy,27,2010,65,80,83,86,94,82,11.3,1
DL,Thornton,28,2011,60,79,90,88,79,88,4.3,4
DL,Walker,26,2013,63,54,88,85,78,72,0.5,3
DL,Hayden,30,2008,65,82,90,84,71,73,0.8,1
DL,Okoye,24,2013,63,33,90,85,81,61,0.5,1
DL,Mayowa,24,2013,61,63,88,70,64,49,2.8,3
DL,Mincey,32,2007,65,83,91,86,84,78,1.5,2
LB,McClain,26,2010,100,86,89,92,80,85,4,1
LB,Hitchens,24,2014,82,74,94,84,73,76,0.7,4
LB,Nzeocha,26,2015,68,45,76,81,56,42,0.6,4
LB,Hepburn,26,2013,69,66,91,82,62,72,0.5,1
LB,Wilson,23,2015,78,59,88,81,65,70,0.7,4
LB,Wilber,27,2012,80,74,88,84,66,73,1.6,2
LB,Gachkar,27,2011,65,77,85,82,79,76,1.8,2
LB,Lee,29,2010,83,87,73,92,93,95,7,6
END_PLAYERS
New York Giants,NYG
QB,Daniels,26,2013,67,45,85,84,71,64,0.6,2
QB,Nassib,26,2013,82,52,95,88,85,37,0.7,4
QB,Manning,35,2004,92,90,98,89,87,30,21,4
RB,Darkwa,24,2014,63,62,85,85,90,57,0.6,1
RB,Whitlock,25,2014,64,49,92,75,78,42,0.5,2
RB,Jennings,31,2009,63,81,94,90,84,59,2.5,4
RB,Vereen,27,2011,85,79,87,53,87,84,4.1,3
RB,Johnson,27,2012,59,72,93,71,79,58,1.2,2
RB,Williams,23,2014,83,70,82,88,86,67,0.7,4
RB,Rainey,28,2012,59,72,93,59,87,83,0.8,1
WR,Donnell,27,2012,62,74,92,82,73,49,1.7,1
WR,White,26,2013,62,57,91,76,90,85,0.6,1
WR,Davis,24,2015,74,43,83,84,89,64,0.6,4
WR,Beckham,23,2014,92,82,94,97,92,94,2.6,4
WR,Cruz,29,2010,59,84,85,87,88,91,8.6,5
WR,Harris,28,2011,69,77,88,83,86,88,3.5,5
WR,Nicks,28,2009,65,81,79,85,85,61,0.7,1
WR,King,25,2013,77,58,87,73,89,88,0.6,2
OL,Stingily,27,2011,69,69,92,82,77,79,0.8,1
OL,Reynolds,32,2009,65,71,90,88,80,69,0.7,1
OL,Pugh,25,2013,91,74,90,83,78,83,2.1,4
OL,Richburg,24,2014,87,72,92,85,75,82,1.2,4
OL,Jerry,30,2010,84,77,79,90,79,77,1.7,2
OL,Flowers,22,2015,103,57,85,95,86,82,3.6,4
OL,Gettis,27,2012,78,57,77,78,81,73,0.7,1
OL,Farrell,25,2014,62,58,92,84,80,73,0.5,1
OL,Seymour,26,2013,72,64,92,83,80,70,0.6,1
OL,Hart,21,2015,68,59,93,84,81,69,0.6,4
OL,Mosley,27,2012,65,56,88,93,82,71,0.6,4
OL,McDermott,24,2015,64,64,90,82,70,76,0.5,2
OL,Newhouse,27,2010,74,78,91,88,81,76,1.5,2
K,Brown,37,2003,62,84,90,89,92,64,2,2
K,Wing,25,2013,63,67,84,89,84,73,0.6,1
S,Taylor,26,2013,77,50,99,75,88,73,0.6,2
S,Dahl,30,2007,65,74,90,69,88,75,0.9,1
S,Collins,22,2015,90,52,87,64,90,90,1.5,4
S,Berhe,24,2014,77,44,92,71,90,80,0.6,4
S,Thompson,23,2015,79,42,91,72,92,63,0.6,4
CB,Wade,26,2012,66,47,87,73,88,44,0.6,2
CB,Rodgers-Cromartie,30,2008,87,89,90,86,95,50,7,5
CB,McBride,30,2007,65,75,89,79,89,52,1.4,2
CB,McFadden,25,2013,86,60,90,79,91,33,0.7,2
CB,Hosley,25,2012,65,66,88,81,92,32,0.7,4
CB,Jenkins,27,2012,84,75,89,82,92,50,12.5,5
CB,Jacobs,24,2014,62,48,90,74,90,49,0.6,2
CB,Apple,20,2016,95,65,85,84,94,70,3.8,4
CB,Jackson,24,2014,73,42,95,81,90,60,0.5,1
DL,Hankins,24,2013,87,78,92,93,89,94,1,4
DL,Maponga,25,2013,76,67,83,78,63,55,0.6,2
DL,Vernon,25,2012,85,75,90,93,89,74,17,5
DL,Bromley,24,2014,87,54,95,84,84,81,0.8,4
DL,Wynn,25,2014,63,55,94,86,76,77,0.5,3
DL,Odighizuwa,24,2015,89,49,74,79,82,75,0.8,4
DL,Pierre-Paul,27,2010,89,85,93,85,58,81,10,1
DL,Harrison,27,2012,59,83,90,92,85,97,9.3,5
DL,Jenkins,35,2003,65,86,91,87,82,75,2.7,3
DL,Hughes,25,2013,76,65,94,84,81,80,0.6,2
DL,Selvie,29,2010,65,76,86,64,71,64,1,1
LB,Herzlich,28,2011,60,77,80,90,55,85,1.3,2
LB,Kennard,24,2014,78,74,80,83,88,74,0.6,4
LB,Brinkley,30,2009,72,80,83,91,74,78,1.8,1
LB,Thomas,27,2011,70,74,81,77,57,76,3.3,3
LB,Sheppard,28,2011,84,74,95,82,66,71,0.8,1
LB,Casillas,29,2009,57,75,77,76,53,79,2.7,3
LB,Robinson,26,2012,79,76,85,87,64,74,2.6,1
END_PLAYERS
Philadelphia Eagles,PHI
QB,Daniel,29,2009,80,70,90,82,71,50,7,3
QB,Wentz,23,2016,105,75,85,93,89,83,6.7,4
RB,Burton,24,2014,62,55,95,57,86,83,0.5,3
RB,Barner,27,2013,72,49,90,46,87,92,0.6,2
RB,Sproles,33,2005,88,87,87,40,87,88,3.5,3
RB,Mathews,29,2010,75,79,79,86,90,77,3.7,3
WR,Burton,24,2014,62,55,95,75,86,83,0.5,3
WR,Celek,31,2007,70,85,90,73,74,60,4.3,3
WR,Ajirotutu,29,2010,65,67,92,77,82,55,0.8,1
WR,Givens,26,2012,80,69,86,72,92,85,0.8,1
WR,Huff,24,2014,82,66,87,80,88,84,0.7,4
WR,Agholor,23,2015,93,51,90,87,92,85,2.3,4
WR,Randle,25,2012,85,78,94,87,89,66,1,1
WR,Graham,26,2012,86,70,92,74,90,76,0.7,1
WR,Matthews,23,2014,87,75,95,88,90,65,1.2,4
OL,Tobin,26,2013,61,70,92,79,81,71,0.8,2
OL,Jones,26,2013,82,67,80,79,78,85,0.6,2
OL,Kelly,26,2012,75,68,92,86,70,79,0.9,1
OL,Barbre,32,2007,76,76,88,84,83,75,1.5,3
OL,Brooks,26,2012,80,79,77,95,97,78,8,5
OL,Kelce,28,2011,69,86,90,81,94,78,6.3,6
OL,Wisniewski,27,2011,84,82,94,85,88,74,1.5,1
OL,Gardner,30,2009,68,73,92,87,86,70,1.5,3
OL,Johnson,26,2013,101,69,93,86,92,87,11.3,5
OL,Peters,34,2004,52,87,76,98,96,97,10.3,4
K,Jones,35,2004,62,80,87,85,91,75,1.8,3
K,Sturgis,26,2013,76,74,85,93,84,75,0.6,2
K,Parkey,24,2014,62,69,92,94,91,71,0.5,3
S,Maragos,29,2010,58,75,90,69,90,81,1.4,3
S,McLeod,25,2012,60,74,92,83,90,75,7,5
S,Jenkins,28,2009,87,83,96,87,92,76,8.8,4
S,Reynolds,24,2014,78,49,85,76,90,79,0.5,2
CB,Evans,24,2015,74,53,90,76,90,51,0.5,2
CB,Carroll,29,2010,73,72,84,75,90,55,2.4,1
CB,Shepherd,23,2015,73,49,84,76,88,33,0.6,4
CB,Watkins,23,2014,83,48,93,84,93,62,0.6,2
CB,Brooks,27,2012,80,58,87,70,90,60,1.8,3
CB,McKelvin,30,2008,86,81,89,83,94,45,3.1,2
CB,Rowe,23,2015,88,54,84,81,91,67,1.2,4
DL,Martin,25,2012,80,70,87,84,83,69,0.6,1
DL,Cox,25,2012,90,82,93,85,88,87,17.1,6
DL,Hart,25,2014,77,55,92,76,77,83,0.6,4
DL,Logan,26,2013,86,77,92,88,77,87,0.8,4
DL,Allen,24,2014,72,61,93,87,74,83,0.6,4
DL,Curry,27,2012,85,73,90,77,80,69,9.5,5
DL,Means,26,2013,78,50,93,69,82,83,0.6,3
LB,Graham,28,2010,88,80,78,86,93,81,6.5,4
LB,Bradham,26,2012,80,77,96,87,77,76,3.5,2
LB,Kendricks,25,2012,85,86,87,90,85,85,7.3,4
LB,Smith,24,2014,87,61,89,84,86,62,1.9,4
LB,Barwin,29,2009,82,86,94,79,95,87,6,6
LB,Hicks,24,2015,83,60,74,81,64,58,0.7,4
LB,Braman,29,2011,59,75,88,78,79,70,1,2
LB,Goode,27,2012,75,66,88,74,70,61,0.8,1
END_PLAYERS
Washington Redskins,WAS
QB,Cousins,27,2012,100,66,88,84,71,30,20,1
QB,McCoy,29,2010,78,69,88,81,74,60,3,3
RB,Thompson,25,2013,77,59,70,36,90,81,0.7,1
RB,Redd,24,2014,62,55,82,79,82,73,0.5,3
WR,Pryor,27,2011,92,51,90,70,89,82,1.7,1
RB,Jones,23,2015,83,56,76,90,85,60,0.7,4
WR,Crowder,23,2015,84,63,91,82,90,85,0.7,4
WR,Doctson,23,2016,95,75,85,85,92,85,2.5,4
WR,Grant,25,2014,77,65,87,84,87,71,0.6,4
WR,Reed,25,2013,100,75,84,96,80,78,9.4,5
WR,Paul,26,2011,74,69,93,77,88,60,2,3
OL,Reiter,24,2015,74,56,91,77,77,72,0.5,2
OL,Williams,27,2010,98,84,93,92,85,92,13.6,5
OL,Kouandjio,24,2015,83,52,73,84,81,72,0.7,4
OL,Moses,25,2014,87,60,85,89,79,84,0.8,4
OL,Lauvao,28,2010,78,82,88,86,80,83,4.3,4
OL,Bond,24,2015,64,60,92,80,84,67,0.5,1
OL,Long,25,2014,82,54,78,88,83,78,0.7,4
OL,Lichtensteiger,31,2008,77,88,81,82,89,86,3.5,5
OL,Scherff,24,2015,103,64,85,83,89,80,5.3,4
OL,LeRibeus,26,2012,85,62,87,88,83,76,0.9,1
OL,Nsekhe,30,2012,63,66,85,85,79,71,0.6,2
K,Hopkins,25,2013,72,61,87,93,81,74,0.6,3
K,Way,26,2013,62,76,92,97,91,67,1.5,5
S,Jarrett,23,2015,73,38,82,62,90,83,0.6,4
S,Ihenacho,27,2012,61,72,89,68,88,85,0.7,1
CB,Hall,32,2004,92,74,80,86,87,50,4.3,4
CB,Blackmon,31,2006,75,77,79,78,86,30,1,2
CB,Harris,25,2013,72,63,93,75,88,50,0.5,3
CB,Williams,31,2008,65,82,90,87,92,45,0.9,1
CB,Norman,28,2012,75,82,97,104,91,63,15,5
CB,Toler,31,2009,72,79,87,86,88,45,0.8,1
CB,Breeland,24,2014,82,64,89,73,89,55,0.7,4
DL,Paea,28,2011,84,80,85,98,89,83,5.3,4
DL,Reyes,26,2012,85,74,90,89,77,79,2.5,1
DL,Baker,28,2009,60,74,88,87,83,77,3,3
DL,Golston,33,2006,64,74,83,85,77,77,1,1
DL,Jean-Francois,29,2009,62,77,82,83,79,85,3,3
DL,Powe,29,2011,71,72,88,92,81,85,0.8,1
DL,Trail,25,2015,64,39,94,71,68,44,0.5,2
LB,Compton,26,2013,62,69,91,80,72,69,0.6,1
LB,Kerrigan,27,2011,89,87,92,83,97,88,11.5,5
LB,Smith,23,2015,88,55,93,79,85,67,1.4,4
LB,Spaight,22,2015,78,51,88,85,66,52,0.6,4
LB,Hayward,31,2007,65,75,90,79,51,74,1,3
LB,Galette,28,2010,58,90,92,79,87,87,1.6,1
LB,Murphy,25,2014,87,72,90,88,84,74,1.1,4
LB,Garvin,25,2013,61,62,92,78,64,65,0.8,1
LB,Foster,27,2011,79,80,87,84,72,81,1.3,2
END_PLAYERS
Atlanta Falcons,ATL
QB,Simms,27,2012,61,45,85,86,72,25,0.6,2
QB,Renfree,26,2013,66,57,85,84,83,20,0.6,4
QB,Ryan,31,2008,100,88,95,89,88,20,20.8,5
QB,Schaub,34,2004,72,82,80,81,74,20,2.8,1
RB,Coleman,23,2015,88,53,82,85,93,70,0.8,4
RB,Freeman,24,2014,90,68,94,66,86,77,0.7,4
RB,DiMarco,27,2011,60,77,92,73,73,64,0.7,2
RB,Johnson,22,2015,64,50,85,75,85,70,0.5,2
WR,Jones,27,2011,110,82,83,104,102,87,14.3,5
WR,Robinson,27,2011,71,71,90,74,91,88,0.7,1
WR,Hardy,24,2015,83,57,92,87,87,81,0.7,4
WR,Goodwin,26,2014,64,41,91,68,91,64,0.5,2
WR,Hester,33,2006,79,81,89,74,91,94,3,3
WR,Gabriel,25,2014,85,74,87,82,92,87,0.5,3
WR,Tamme,31,2008,71,80,88,81,82,47,1.6,2
WR,Sanu,26,2012,80,75,92,75,86,73,6.5,5
OL,Chester,33,2006,79,81,85,82,76,86,2.4,1
OL,Schraeder,28,2013,61,73,92,83,79,91,2.6,1
OL,Mack,30,2009,87,85,98,91,92,86,9,5
OL,Matthews,24,2014,102,75,98,85,80,82,4.1,4
OL,Garland,28,2010,62,61,92,77,79,76,0.6,2
OL,Levitre,30,2009,82,88,95,85,85,76,7.8,6
OL,Harris,27,2012,60,66,93,82,79,74,0.8,1
OL,Stone,24,2014,62,72,91,79,74,73,0.5,3
OL,Compton,27,2012,71,69,94,90,85,70,0.8,1
K,Bosher,28,2011,69,83,92,92,97,76,2.5,5
K,Bryant,41,2002,50,88,80,90,94,56,2.8,3
S,King,23,2015,68,45,92,70,89,65,0.5,2
S,Ishmael,25,2013,66,68,90,75,91,79,0.6,4
S,Neal,20,2016,95,65,85,79,90,87,2.7,4
S,Godfrey,30,2008,81,73,94,72,92,69,1,1
CB,Allen,24,2014,78,51,93,77,89,55,0.5,1
CB,Van,27,2011,81,59,87,68,93,39,0.7,1
CB,Collins,23,2015,88,44,85,78,88,40,1.4,4
CB,Trufant,25,2013,91,79,96,94,93,42,2,4
CB,Alford,27,2013,86,69,80,75,92,47,0.9,4
DL,Beasley,23,2015,103,55,90,87,76,63,3.6,4
DL,Babineaux,34,2005,78,87,88,87,65,75,3,3
DL,Clayborn,28,2011,89,71,87,87,81,81,4.3,2
DL,Hageman,25,2014,87,53,94,92,83,83,1.3,4
DL,Goodman,26,2013,76,69,95,84,76,74,0.6,4
DL,Biermann,30,2008,65,75,88,79,57,75,1.9,1
DL,Jarrett,23,2015,78,51,84,89,79,64,0.6,4
DL,Jackson,30,2009,97,85,95,87,72,84,5,5
DL,Shelby,27,2012,60,68,90,76,83,73,4.5,4
LB,Upshaw,26,2012,85,77,98,88,86,76,1.3,1
LB,Starr,25,2014,67,39,94,72,63,69,0.6,2
LB,Reynolds,25,2013,61,67,88,78,70,66,0.7,1
LB,Weatherspoon,28,2010,89,81,85,76,87,77,1.5,1
LB,Reed,29,2011,84,80,93,86,85,80,4.4,5
LB,Worrilow,26,2013,61,81,91,88,69,80,2.6,1
LB,Wheeler,31,2008,76,85,92,82,82,80,1,1
LB,Schofield,29,2010,65,76,78,79,65,70,1.7,1
END_PLAYERS
Carolina Panthers,CAR
QB,Anderson,33,2005,82,73,90,92,72,20,2.4,2
QB,Webb,29,2010,68,66,88,89,66,77,0.9,2
QB,Newton,27,2011,110,83,96,107,97,94,20.8,5
RB,Tolbert,30,2008,56,86,90,85,76,55,1.7,2
RB,Artis-Payne,25,2015,78,44,90,78,88,70,0.6,4
RB,Christian McCaffrey,22,2016,115,99,80,80,87,80,0.7,7
RB,Stewart,29,2008,86,79,75,70,86,96,7.3,5
WR,Brown,24,2014,62,71,93,79,88,87,0.5,3
WR,Byrd,26,2012,62,52,88,72,89,62,0.5,1
WR,Ginn,31,2007,95,80,90,76,88,90,2.1,2
WR,Benjamin,25,2014,87,78,90,91,85,65,1.9,4
WR,Funchess,22,2015,88,58,88,80,89,76,1.4,4
WR,Hill,25,2012,86,61,85,64,92,62,0.6,1
WR,Palmer,26,2013,64,60,88,69,91,78,0.5,1
WR,Bersin,26,2012,62,64,90,78,84,62,0.6,1
WR,Hamilton,25,2013,74,57,93,80,86,85,0.5,1
WR,Olsen,31,2007,80,89,93,89,83,67,7.5,3
OL,Oher,30,2009,87,81,97,95,75,78,3.5,2
OL,Norwell,24,2014,62,72,92,81,88,84,0.5,3
OL,Larsen,24,2014,64,58,96,93,75,77,0.5,2
OL,Green,30,2009,65,69,88,84,80,73,0.7,1
OL,Scott,28,2010,75,72,74,92,75,77,0.8,1
OL,Dismukes,23,2015,64,63,85,80,78,72,0.5,1
OL,Williams,23,2015,83,56,89,87,85,73,0.7,4
OL,Turner,23,2014,82,73,92,88,83,88,0.7,4
OL,Remmers,27,2012,61,72,89,79,78,88,2.6,1
OL,Yankey,24,2014,78,62,90,84,85,73,0.5,1
OL,Hawkins,24,2014,63,55,90,81,75,80,0.5,3
OL,Gradkowski,27,2012,80,74,93,84,78,71,1.1,3
OL,Silatolu,27,2012,65,71,85,87,83,72,1.2,4
OL,Kalil,31,2007,80,90,92,88,95,75,8.4,2
K,Gano,29,2009,58,81,90,98,89,77,3.1,4
K,Scifres,35,2003,67,87,76,87,91,62,0.5,1
S,Boston,23,2014,77,71,92,83,88,86,0.7,4
S,Marlowe,23,2015,63,40,94,70,88,75,0.5,3
S,Robinson,26,2012,70,62,84,75,92,65,0.8,1
S,Jones,28,2011,69,69,88,69,95,70,0.9,2
S,Coleman,27,2010,63,78,88,81,90,67,1.4,2
CB,Benwikere,24,2014,65,77,93,91,86,45,0.6,4
CB,Williams,27,2010,60,54,80,67,93,15,0.9,2
CB,Tillman,35,2003,65,89,76,84,85,77,2,1
CB,McClain,27,2010,65,70,90,74,86,54,0.8,2
DL,Soliai,32,2007,75,86,87,93,72,83,3.5,2
DL,Butler,22,2016,90,65,85,90,92,91,2.1,4
DL,Thomas,25,2014,64,53,84,94,74,76,0.5,2
DL,Horton,26,2013,61,72,88,76,81,73,0.7,1
DL,Masifilo,26,2012,63,67,92,93,45,45,0.6,1
DL,Addison,28,2011,59,73,90,73,69,70,1.3,2
DL,Short,27,2013,86,73,95,86,87,80,1.2,4
DL,Webster,26,2014,78,51,88,67,65,67,0.5,1
DL,Lotulelei,26,2013,91,77,88,96,86,92,2.4,4
DL,Love,29,2010,60,74,84,84,75,77,0.8,1
DL,Alexander,26,2012,65,63,78,74,63,66,0.6,4
DL,Johnson,29,2007,71,88,92,93,93,67,3,1
DL,Ealy,24,2014,87,62,92,79,84,68,0.9,4
LB,Klein,24,2013,76,72,91,82,72,75,0.6,4
LB,Davis,33,2005,83,89,79,102,92,100,9,2
LB,Kuechly,25,2012,100,96,97,108,88,108,12.4,5
LB,Thompson,22,2015,88,56,93,87,64,72,2.2,4
LB,Jacobs,28,2011,61,70,95,78,74,69,0.7,1
LB,Mayo,22,2015,78,52,78,85,61,64,0.6,4
END_PLAYERS
New Orleans Saints,NO
QB,Brees,37,2001,105,97,96,97,101,20,20,5
QB,Grayson,25,2015,83,54,83,89,75,38,0.9,4
QB,McCown,34,2004,72,76,82,83,73,40,1.5,2
RB,Spiller,28,2010,98,81,82,55,93,88,4,4
RB,Murphy,24,2015,68,48,77,37,86,86,0.6,4
RB,Ingram,26,2011,84,79,83,87,85,69,4,4
RB,Hightower,30,2008,74,79,85,85,82,55,0.8,1
RB,Cadet,27,2012,60,67,83,65,82,81,0.8,1
WR,Fleener,27,2012,85,73,85,86,87,65,7.2,5
WR,Brown,27,2011,80,76,87,78,84,72,0.5,1
WR,Hoomanawanui,27,2010,73,77,79,75,77,35,1.7,3
WR,Hill,26,2013,61,69,89,80,82,55,2.4,3
WR,Coleman,23,2014,63,46,88,82,86,63,0.5,3
OL,Lelito,26,2013,61,75,96,89,85,80,1.7,1
OL,McGlynn,31,2008,65,81,93,87,71,77,0.9,1
OL,Unger,30,2009,82,91,89,85,95,84,6.5,4
OL,Armstead,24,2013,81,73,92,83,88,86,16.3,4
OL,Peat,22,2015,93,65,90,86,82,88,2.8,4
OL,Strief,32,2006,64,88,91,90,82,91,4,5
OL,Kelemete,26,2012,76,69,84,86,78,70,1.4,2
K,Forbath,28,2011,60,73,87,86,90,66,0.8,1
K,Morstead,30,2009,72,86,95,95,91,76,3.6,6
K,Barth,30,2008,57,74,84,88,93,65,0.5,1
S,Sanford,30,2009,62,73,92,71,91,87,1,1
S,Harper,33,2006,80,78,94,63,85,87,1.1,1
S,Vaccaro,25,2013,91,67,92,90,89,90,2.4,4
S,Byrd,29,2009,82,84,84,95,89,58,9,6
CB,Dixon,26,2014,73,50,90,76,90,49,0.5,1
CB,Marshon Lattimore,22,2016,110,99,96,74,90,70,0.8,7
CB,Dixon,26,2014,62,62,93,77,89,75,0.5,3
CB,Williams,23,2015,83,51,90,82,95,74,0.8,4
CB,Lewis,30,2009,77,77,93,74,89,71,5.1,5
CB,Swann,23,2015,78,55,87,78,89,55,0.6,4
CB,Carter,30,2009,59,73,88,80,89,41,0.9,1
DL,Rankins,22,2016,95,65,85,92,83,89,3.2,4
DL,Davison,23,2015,78,49,88,91,77,85,0.6,4
DL,Fairley,28,2011,89,72,87,90,92,86,3,1
DL,Jenkins,26,2013,81,71,88,92,76,87,0.7,4
DL,Gwacham,25,2015,73,38,87,74,60,59,0.6,4
DL,Williams,35,2003,65,93,88,85,78,74,1.5,1
DL,Jordan,26,2011,89,83,95,90,83,85,11,5
DL,Virgil,25,2014,65,49,94,94,81,71,0.5,2
LB,Mauti,26,2013,71,63,72,85,53,73,0.6,4
LB,Spencer,32,2007,65,80,83,72,65,80,1,1
LB,Anthony,23,2015,88,67,90,85,76,64,1.9,4
LB,Laurinaitis,29,2009,82,87,98,78,64,97,2.8,3
LB,Stupar,28,2012,66,73,92,79,61,77,1.7,3
LB,Steward,23,2015,73,49,74,78,53,70,0.5,1
LB,Robertson,28,2011,60,80,87,86,75,80,1.7,3
LB,Tull,24,2015,78,42,68,78,66,61,0.6,4
LB,Kikaha,23,2015,88,60,78,72,87,55,1.3,4
LB,Edebali,26,2014,62,64,91,71,80,65,0.5,3
LB,Ellerbe,30,2009,57,82,85,74,67,82,2.5,2
END_PLAYERS
Tampa Bay Buccaneers,TB
QB,Winston,22,2015,103,69,97,95,75,65,6.3,4
RB,James,25,2013,71,65,85,76,87,64,0.6,2
RB,Martin,27,2012,85,75,88,67,88,74,7.2,5
RB,Johnson,23,2014,73,62,93,83,85,53,0.6,2
RB,Sims,25,2014,87,65,84,64,89,77,0.8,4
WR,Jackson,29,2008,81,88,86,92,112,97,6,4
WR,Evans,22,2014,102,74,96,102,87,74,3.7,4
WR,Murphy,29,2009,65,78,78,77,91,87,1.6,3
WR,Bell,24,2015,78,58,86,76,93,73,0.6,4
WR,OJ Howard,22,2016,110,99,83,80,86,75,1.3,7
WR,Stocker,27,2011,79,72,83,66,80,44,1.6,3
WR,Jackson,33,2005,78,90,88,91,84,48,11.1,5
WR,Shepard,25,2013,61,49,93,79,89,72,1.7,1
WR,Reedy,24,2014,64,61,90,80,88,81,0.5,2
WR,Spencer,23,2015,74,52,91,74,91,63,0.5,2
OL,Dotson,30,2009,57,82,92,87,79,91,1.5,3
OL,Pamphile,25,2014,77,65,93,82,85,74,0.6,4
OL,Smith,29,2009,58,82,88,86,87,76,3.6,4
OL,Smith,22,2015,88,55,87,87,84,79,1.5,4
OL,Hawley,27,2010,78,74,90,83,78,81,1.7,2
OL,Allen,24,2014,64,50,90,89,78,74,0.6,2
OL,Davis,22,2015,64,45,93,82,71,82,0.5,2
OL,Marpet,23,2015,88,49,90,86,82,76,0.9,4
OL,Cherilus,31,2008,86,87,87,88,82,73,3.5,2
OL,Sweezy,27,2012,65,77,82,84,87,72,6.5,5
K,Anger,27,2012,85,78,97,95,92,72,1.8,1
K,Aguayo,22,2016,90,65,85,95,95,75,1,4
S,Wright,27,2010,78,71,95,71,90,87,1.5,2
S,McDougald,25,2013,65,72,89,80,84,59,2.6,1
S,Holliman,22,2015,65,42,86,82,90,62,0.5,2
S,Tandy,27,2012,75,61,93,79,93,70,0.9,2
CB,Banks,26,2013,86,75,97,84,88,63,1.2,4
CB,Jenkins,31,2008,65,75,92,74,92,44,0.8,1
CB,Grimes,32,2006,55,91,90,85,91,47,6.8,2
CB,Verner,27,2010,78,89,91,93,89,42,6.4,4
CB,Hargreaves,21,2016,95,65,85,87,95,70,3.5,4
DL,Matthews,26,2011,65,60,84,76,74,67,0.8,2
DL,Johnson,28,2010,60,74,82,67,74,64,2.3,3
DL,Spence,24,2013,81,70,95,90,67,74,0.7,4
DL,Gholston,24,2013,76,66,87,77,82,76,0.6,4
DL,Ayers,30,2009,87,74,87,79,89,70,6.5,3
DL,McDaniel,31,2006,65,82,88,88,81,78,1.5,1
DL,Francis,26,2013,62,49,90,79,73,87,0.6,1
DL,Smith,26,2012,62,69,84,69,69,64,0.6,1
DL,Melton,29,2010,65,83,74,83,86,69,3.8,1
DL,English,30,2009,65,71,79,72,62,70,0.9,1
DL,McDonald,29,2009,63,78,86,83,84,75,3,4
DL,McCoy,28,2010,98,80,78,102,98,87,15.9,6
DL,Fatinikun,24,2014,65,63,82,74,67,65,0.5,2
LB,Alexander,21,2015,83,42,84,77,68,40,0.7,4
LB,Lansanah,30,2008,65,78,90,86,72,79,0.7,1
LB,Smith,34,2004,77,95,88,92,78,95,2.5,1
LB,George,24,2014,77,56,92,84,68,70,0.6,1
LB,Glanton,25,2014,63,54,90,79,64,56,0.6,2
LB,Brown,28,2012,63,55,83,79,77,65,0.5,2
LB,David,26,2012,85,88,97,107,95,105,10.1,5
END_PLAYERS
Arizona Cardinals,ARZ
QB,Barkley,25,2013,84,54,87,84,75,37,0.7,4
QB,Stanton,32,2007,80,69,86,89,72,30,3.3,2
QB,Palmer,36,2003,91,86,74,88,83,20,16.5,3
RB,Taylor,25,2013,76,67,97,86,79,65,0.6,4
RB,Johnson,30,2008,120,80,80,70,95,85,1.5,1
RB,Williams,25,2013,67,58,91,54,88,88,0.6,2
RB,Ellington,27,2013,71,75,76,59,90,72,0.6,4
WR,Nelson,24,2015,78,51,78,77,96,77,0.6,4
WR,Brown,26,2014,82,75,87,87,94,90,0.7,4
WR,Fitzgerald,32,2004,92,95,94,93,82,54,11,2
WR,Fells,30,2013,62,61,90,76,73,50,0.6,1
WR,Golden,27,2012,62,55,92,77,88,82,0.5,3
WR,Brown,26,2013,61,67,90,80,91,72,1.7,1
WR,Floyd,26,2012,90,79,89,90,88,65,2.5,4
OL,Veldheer,29,2010,83,85,95,97,87,94,7,5
OL,Iupati,29,2010,88,83,90,97,97,74,8,5
OL,Shipley,30,2009,65,77,87,87,86,78,0.8,2
OL,Boggs,29,2011,60,70,85,86,78,71,0.7,1
OL,Watford,25,2013,81,63,95,85,81,73,0.6,4
OL,Humphries,22,2015,93,53,82,88,79,87,2.2,4
OL,McClain,26,2012,63,62,85,81,77,72,0.5,1
K,Butler,27,2012,61,70,95,84,94,70,1.2,2
K,Catanzaro,25,2014,62,73,93,95,91,70,0.5,3
S,Bucannon,23,2014,87,60,94,67,61,74,1.9,4
S,Branch,29,2008,76,81,84,85,94,74,4,2
S,Mathieu,24,2013,120,70,84,95,92,84,0.8,4
S,Swearinger,24,2013,86,59,91,75,89,93,1.7,1
S,Jefferson,24,2013,95,73,82,70,87,85,1.7,1
S,Clemons,30,2009,72,74,94,75,94,83,0.9,1
CB,Byndom,23,2014,63,48,93,78,93,35,0.5,1
CB,Bethel,26,2012,70,67,93,78,88,65,5,3
CB,Jackson,26,2012,75,62,85,72,91,40,0.8,1
CB,Prater,26,2012,75,59,88,81,90,41,0.7,1
CB,Peterson,25,2011,99,82,97,105,92,72,14,5
DL,Rucker,32,2006,74,88,88,81,80,79,2.2,1
QB,Gabbert,26,2011,89,65,90,88,72,47,2,2
DL,Jones,26,2012,90,77,84,92,105,85,2,4
DL,Campbell,29,2008,81,88,96,87,75,85,11,5
DL,Martin,24,2014,82,60,91,81,78,55,0.7,4
DL,Nkemdiche,21,2016,90,65,85,93,79,85,2.2,4
DL,Mauro,25,2014,62,61,95,85,71,78,0.6,1
DL,Peters,28,2010,78,81,88,78,80,74,3.1,3
DL,Gunter,24,2015,83,46,88,75,69,81,0.7,4
DL,Stinson,26,2014,77,56,79,88,78,83,0.6,4
LB,Minter,25,2013,86,73,85,88,64,80,1.1,4
LB,Woodley,31,2007,65,82,87,76,84,80,1,1
LB,Riddick,23,2015,78,48,88,69,65,52,0.6,4
LB,Babin,36,2004,65,86,88,82,87,72,1,1
LB,Washington,29,2010,85,71,91,91,73,80,8,4
LB,Okafor,25,2013,81,73,95,68,85,72,0.7,4
LB,Golden,25,2015,88,47,90,73,82,69,1,4
LB,Demens,26,2013,65,63,92,79,70,68,0.5,2
END_PLAYERS
Los Angeles Rams,LA
QB,Mannion,24,2015,83,56,89,88,76,37,0.8,4
QB,Foles,27,2012,80,73,85,90,79,20,12.3,2
QB,Keenum,28,2012,60,65,79,83,74,20,3.6,1
QB,Goff,21,2016,105,75,85,93,89,80,7,4
QB,Thompson,24,2015,64,49,90,86,77,76,0.5,1
RB,Gurley,21,2015,110,54,73,101,101,90,3.5,4
RB,Cunningham,25,2013,61,72,84,84,87,52,1.7,1
RB,Magee,23,2015,64,39,88,74,87,83,0.5,1
RB,Mason,22,2014,82,70,88,75,88,82,0.7,4
RB,Reynolds,28,2011,61,65,85,66,84,81,0.9,1
WR,Austin,25,2013,101,76,93,77,95,94,3.2,4
WR,Long,25,2015,64,46,82,81,89,64,0.5,2
WR,Harkey,26,2012,60,78,95,78,68,45,1.9,3
WR,Kendricks,28,2011,84,74,94,79,81,63,4.6,4
WR,Bailey,25,2013,81,71,94,84,87,80,0.7,4
WR,Quick,27,2012,85,74,87,84,87,67,1.8,1
OL,Reynolds,28,2009,72,76,97,86,82,74,1.1,2
OL,Saffold,28,2010,83,83,84,84,74,86,6.3,5
OL,Wichmann,24,2015,73,50,92,79,74,76,0.6,4
OL,Robinson,23,2014,102,74,95,94,88,73,5.3,4
OL,Barnes,28,2011,60,73,90,80,76,82,2.8,2
OL,Havenstein,24,2015,88,58,90,79,88,71,1,4
OL,Rhaney,23,2014,67,50,92,83,75,79,0.6,4
OL,Brown,23,2015,88,63,91,87,84,73,0.8,4
OL,Kush,26,2013,76,70,87,79,79,76,1.3,1
OL,Arkin,28,2011,82,46,89,91,79,77,0.7,2
OL,Donnal,24,2015,83,64,84,77,78,72,0.7,4
OL,Folkerts,26,2012,61,61,95,91,79,75,0.7,1
K,Zuerlein,28,2012,75,74,95,95,88,70,1.3,1
K,Hekker,26,2012,60,79,94,97,97,75,3,6
S,Joyner,25,2014,87,62,93,75,93,80,1.3,4
S,McDonald,25,2013,86,72,84,74,91,91,0.7,4
S,Alexander,25,2014,65,38,89,71,90,87,0.7,4
S,Bryant,24,2014,68,36,79,74,86,78,0.5,2
S,Barron,26,2012,100,73,81,69,67,69,9,5
S,Davis,27,2013,61,55,90,72,92,63,1.5,2
CB,Gaines,24,2014,72,74,90,85,89,59,0.6,4
CB,Roberson,23,2014,62,47,82,82,90,60,0.5,3
CB,Sensabaugh,27,2012,80,67,95,78,91,42,5,3
CB,Johnson,26,2012,85,72,87,77,86,74,14,1
DL,Donald,25,2014,92,76,95,103,92,87,2.5,4
DL,Westbrooks,25,2014,62,50,90,75,68,67,0.5,3
DL,Easley,24,2014,88,62,74,82,84,83,0.6,1
DL,Quinn,26,2011,89,82,92,97,97,79,14.3,4
DL,Hayes,31,2008,76,80,93,85,83,86,5.8,3
DL,Thomas,29,2010,74,74,87,94,77,85,0.5,1
DL,Sims,30,2010,68,72,88,74,67,64,3.3,3
DL,Brockers,25,2012,90,74,95,94,82,92,2.4,4
LB,Coples,25,2012,90,77,93,83,87,72,3.3,2
LB,Ogletree,24,2013,86,74,87,90,66,75,1.8,4
LB,Hager,24,2015,73,62,83,83,47,75,0.6,4
LB,Ayers,26,2011,84,74,95,81,84,75,3,2
END_PLAYERS
Seattle Seahawks,SEA
QB,Wilson,27,2012,80,84,94,103,95,97,21.9,4
QB,Jackson,33,2006,80,67,81,93,70,62,1.5,1
RB,Coleman,25,2012,55,72,87,82,87,61,0.5,3
RB,Michael,25,2013,86,65,80,89,90,65,0.7,1
RB,Jackson,35,2003,65,92,85,87,81,65,0.9,1
RB,Rawls,22,2015,85,47,86,82,90,60,0.5,3
RB,Brown,25,2010,65,65,86,84,88,67,0.7,1
WR,Kearse,26,2012,70,79,96,86,89,75,4.5,3
WR,Farmer,22,2015,64,48,75,77,92,55,0.5,1
WR,Goodley,24,2015,63,51,86,82,91,82,0.5,1
WR,Baldwin,27,2011,95,85,92,88,87,86,4.3,3
WR,Lockett,23,2015,88,63,81,82,92,87,0.8,4
WR,Richardson,24,2014,87,66,77,82,94,76,1.2,4
WR,Graham,29,2010,100,87,92,102,85,60,10,4
OL,Lewis,25,2013,61,62,95,84,71,76,1.7,1
OL,Sokoli,24,2015,73,37,90,89,75,65,0.6,4
OL,Glowinski,24,2015,78,55,92,91,80,76,0.7,4
OL,Britt,25,2014,87,72,85,86,84,72,0.9,4
OL,Gilliam,25,2014,62,60,84,77,80,75,0.5,3
OL,Sowell,27,2012,60,77,91,79,78,76,1,1
OL,Webb,27,2010,68,73,93,90,77,78,2.9,2
OL,Jeanpierre,29,2011,65,74,92,83,79,75,0.7,1
OL,Ifedi,22,2016,90,65,85,85,90,83,2.1,4
OL,Poole,24,2015,78,49,93,83,72,82,0.5,1
K,Hauschka,30,2008,56,83,90,89,93,65,2.9,3
K,Ryan,34,2006,54,87,88,89,94,69,2.5,4
S,McCray,27,2012,61,65,90,72,87,52,0.7,2
S,Shead,27,2012,60,68,90,73,88,73,0.8,1
S,Chancellor,28,2010,73,85,94,82,86,107,7,4
S,Thomas,27,2010,88,86,93,106,92,72,10,4
CB,Browner,31,2005,58,87,88,92,80,73,0.8,1
CB,Lane,25,2012,75,75,90,85,88,72,5.8,4
CB,Pinkins,24,2014,72,52,92,67,54,66,0.5,1
CB,Jean-Baptiste,26,2014,87,46,93,83,91,61,0.5,1
CB,Smith,23,2015,78,43,94,78,89,60,0.6,4
CB,Sherman,28,2011,74,97,96,109,89,65,14,4
CB,Terrell,25,2013,61,50,90,77,91,70,0.6,1
CB,Simon,25,2013,76,68,85,81,89,80,0.6,4
DL,Siliga,27,2011,59,78,90,88,80,90,1.1,1
DL,Bennett,30,2009,84,87,87,101,94,87,7.1,2
DL,Hill,25,2013,81,68,93,84,76,74,0.7,4
DL,Marsh,23,2014,82,53,92,66,80,69,0.7,4
DL,Clark,23,2015,88,39,86,73,84,77,0.9,4
DL,Robinson,25,2013,61,57,87,67,62,65,0.6,2
DL,Avril,30,2008,76,87,93,73,76,64,7.1,4
DL,Dobbs,28,2011,65,73,91,84,78,74,0.8,1
DL,Rubin,29,2008,66,85,90,93,71,79,4,3
DL,Hamilton,22,2015,63,50,87,85,83,62,0.5,1
LB,Moody,26,2013,65,68,77,77,71,75,0.6,1
LB,Wright,26,2011,79,86,95,91,78,85,6.8,4
LB,Fortt,24,2014,78,57,78,73,68,64,0.5,1
LB,Wagner,25,2012,85,86,94,97,86,90,10.8,4
LB,Pierre-Louis,24,2014,77,62,85,80,72,54,0.7,4
LB,Coyle,25,2014,62,67,93,79,62,71,0.5,3
END_PLAYERS
San Francisco 49ers,SF
QB,Kaepernick,28,2011,84,75,95,95,78,80,19,6
QB,Hoyer,30,2009,100,73,86,84,74,40,2,1
RB,Draughn,28,2011,61,72,87,80,82,65,0.9,1
RB,Davis,23,2015,78,55,77,84,88,65,0.7,4
RB,Miller,28,2011,69,78,93,66,81,35,1.8,3
RB,Hyde,24,2014,87,69,92,90,85,66,0.9,4
WR,Simpson,30,2008,83,75,92,78,87,85,0.9,2
WR,Smelter,24,2015,79,48,73,79,87,77,0.7,4
WR,Anderson,23,2015,63,62,75,80,88,84,0.5,3
WR,Patton,25,2013,76,54,90,82,87,85,0.6,4
WR,McDonald,26,2013,86,66,88,73,81,52,0.9,4
WR,Smith,27,2011,84,86,93,88,89,83,8,5
WR,Ellington,24,2014,82,53,91,83,90,88,0.7,4
WR,Garcon,29,2008,66,85,90,86,87,85,8.5,5
OL,Kilgore,28,2011,74,76,88,89,90,77,1.8,3
OL,Staley,31,2007,80,95,91,88,97,90,7.4,6
OL,Silberman,23,2015,73,49,87,81,81,72,0.6,4
OL,Thomas,25,2014,83,54,76,93,83,76,0.7,4
OL,Tiller,26,2012,71,55,91,79,81,72,0.6,2
OL,Martin,22,2014,87,68,83,82,85,74,0.8,4
OL,Garnett,22,2016,90,65,85,85,91,80,2.3,4
OL,Beadles,29,2010,83,81,93,83,74,89,3.3,3
K,Dawson,41,2098,48,93,85,92,89,60,3.1,1
K,Pinion,22,2015,78,55,92,91,78,74,0.6,4
S,Reid,24,2013,91,67,90,82,94,93,2.1,4
S,McCray,25,2014,62,40,88,69,92,75,0.5,3
S,Bethea,31,2006,64,91,96,85,88,80,5.3,4
S,Ward,24,2014,87,59,95,71,90,77,1.8,4
S,Tartt,24,2015,88,45,92,66,90,84,1.3,4
CB,Reaser,24,2014,78,38,76,74,88,45,0.6,4
CB,Davis,25,2014,62,60,93,76,87,78,0.6,2
CB,Brock,27,2010,58,76,93,79,90,52,3.5,4
CB,Acker,24,2014,72,47,91,79,89,42,0.6,4
CB,Johnson,24,2014,77,60,92,84,92,60,0.7,4
CB,Cromartie,25,2013,62,49,90,79,89,55,0.6,2
DL,Buckner,22,2016,105,65,85,91,86,81,4.5,4
DL,Armstead,22,2015,93,48,87,85,81,91,2.5,4
DL,Jerod-Eddie,26,2012,62,75,91,83,79,82,1,1
DL,Soloman Thomas,22,2016,110,77,88,86,64,75,4.4,7
DL,Ramsey,27,2014,68,52,72,94,78,84,0.6,2
DL,Dial,25,2013,76,70,85,87,79,86,4.2,3
DL,Williams,26,2011,59,76,83,93,78,87,3,1
LB,Reuben Foster,22,2016,110,83,87,87,78,78,6.7,7
LB,Lynch,23,2014,77,75,88,77,91,70,0.6,4
LB,Harold,22,2015,83,49,92,77,72,54,0.8,4
LB,Bowman,28,2010,78,89,87,97,81,88,9.1,5
LB,Hodges,25,2013,81,78,88,89,58,80,0.6,4
LB,Bellore,27,2011,59,70,87,86,64,72,0.8,2
LB,Wilhoite,29,2011,60,77,90,83,66,82,1.7,1
LB,Lemonier,24,2013,81,63,90,73,61,65,0.7,4
END_PLAYERS
